Wall1:
-50.000000, 49.660000
150.000000, 49.660000
150.000000, 50.340000
-50.000000, 50.340000

Wall2:
32.000000, -30.340000
58.000000, -30.340000
58.000000, -29.660000
32.000000, -29.660000

Wall4:
-50.799465, -50.000000
-50.119457, -50.000000
-50.119457, 50.000000
-50.799465, 50.000000

Wall5:
-28.000000, 9.660000
-10.000000, 9.660000
-10.000000, 10.340000
-28.000000, 10.340000

Wall7:
-27.655209, -10.340000
-10.415235, -10.340000
-10.415235, -9.660000
-27.655209, -9.660000

Wall11:
-10.340000, 10.414115
-9.660000, 10.414115
-9.660000, 27.585886
-10.340000, 27.585886

Wall12:
-10.340000, -49.491364
-9.660000, -49.491364
-9.660000, -32.428635
-10.340000, -32.428635

Wall13:
-10.340000, -27.990000
-9.660000, -27.990000
-9.660000, -9.990000
-10.340000, -9.990000

Wall14:
-49.922058, -10.340000
-31.869080, -10.340000
-31.869080, -9.660000
-49.922058, -9.660000

Wall15:
-49.928131, 9.660000
-31.793541, 9.660000
-31.793541, 10.340000
-49.928131, 10.340000

Wall16:
-10.340000, 32.647278
-9.660000, 32.647278
-9.660000, 49.565453
-10.340000, 49.565453

Table9:
27.340000, 10.000000
32.660000, 10.000000
32.660000, 20.000000
27.340000, 20.000000

Table10:
-25.000000, -42.660000
-15.000000, -42.660000
-15.000000, -37.340000
-25.000000, -37.340000

Table11:
-25.000000, -22.660000
-15.000000, -22.660000
-15.000000, -17.340000
-25.000000, -17.340000

Table12:
-45.000000, -22.660000
-35.000000, -22.660000
-35.000000, -17.340000
-45.000000, -17.340000

Table13:
-45.000000, -42.660000
-35.000000, -42.660000
-35.000000, -37.340000
-45.000000, -37.340000

Table14:
-45.000000, 17.340000
-35.000000, 17.340000
-35.000000, 22.660000
-45.000000, 22.660000

Table15:
-45.000000, 37.340000
-35.000000, 37.340000
-35.000000, 42.660000
-45.000000, 42.660000

Table8:
-25.000000, 17.340000
-15.000000, 17.340000
-15.000000, 22.660000
-25.000000, 22.660000

Wall17:
150.132080, -50.000000
150.812073, -50.000000
150.812073, 50.000000
150.132080, 50.000000

Wall19:
-50.000000, -50.340000
150.000000, -50.340000
150.000000, -49.660000
-50.000000, -49.660000

Wall21:
19.224768, -30.000000
19.904772, -30.000000
19.904772, 30.000000
19.224768, 30.000000

Wall22:
124.659996, -49.566158
125.340004, -49.566158
125.340004, -43.068798
124.659996, -43.068798

Wall23:
99.659996, -30.000000
100.340004, -30.000000
100.340004, 30.000000
99.659996, 30.000000

Wall24:
20.000000, -30.340000
28.000000, -30.340000
28.000000, -29.660000
20.000000, -29.660000

Wall25:
62.000000, -30.340000
88.000000, -30.340000
88.000000, -29.660000
62.000000, -29.660000

Wall26:
92.170113, -30.340000
99.565361, -30.340000
99.565361, -29.660000
92.170113, -29.660000

Wall28:
91.983330, 29.660000
99.590431, 29.660000
99.590431, 30.340000
91.983330, 30.340000

Wall31:
62.000000, 29.660000
88.000000, 29.660000
88.000000, 30.340000
62.000000, 30.340000

Wall32:
20.000000, 29.660000
28.000000, 29.660000
28.000000, 30.340000
20.000000, 30.340000

Wall43:
32.000000, 29.660000
58.000000, 29.660000
58.000000, 30.340000
32.000000, 30.340000

Wall30:
40.481113, -15.340000
57.711437, -15.340000
57.711437, -14.660000
40.481113, -14.660000

Wall29:
62.130737, 14.660000
79.559509, 14.660000
79.559509, 15.340000
62.130737, 15.340000

Wall33:
39.660000, -20.000000
40.340000, -20.000000
40.340000, -2.000000
39.660000, -2.000000

Wall34:
62.409016, -15.340000
79.533424, -15.340000
79.533424, -14.660000
62.409016, -14.660000

Wall35:
40.500008, 14.660000
58.063110, 14.660000
58.063110, 15.340000
40.500008, 15.340000

Wall38:
79.659996, 2.000000
80.340004, 2.000000
80.340004, 20.000000
79.659996, 20.000000

Wall39:
79.659996, 23.911285
80.340004, 23.911285
80.340004, 29.564716
79.659996, 29.564716

Wall40:
88.952209, -18.287590
90.952209, -18.287590
90.952209, -16.287590
88.952209, -16.287590

Wall42:
79.659996, -20.000000
80.340004, -20.000000
80.340004, -2.000000
79.659996, -2.000000

Wall9:
39.660000, 23.867207
40.340000, 23.867207
40.340000, 29.567272
39.660000, 29.567272

Wall8:
39.660000, -29.579472
40.340000, -29.579472
40.340000, -23.808399
39.660000, -23.808399

Wall6:
79.659996, -29.580332
80.340004, -29.580332
80.340004, -23.580332
79.659996, -23.580332

Table1:
50.000000, -5.000000
70.000000, -5.000000
70.000000, 5.000000
50.000000, 5.000000

Table3:
27.340000, -20.000000
32.660000, -20.000000
32.660000, -10.000000
27.340000, -10.000000

Wall27:
124.659996, -39.000000
125.340004, -39.000000
125.340004, 39.000000
124.659996, 39.000000

Wall20:
124.659996, 43.226284
125.340004, 43.226284
125.340004, 49.576099
124.659996, 49.576099

Wall41:
39.660000, 2.000000
40.340000, 2.000000
40.340000, 20.000000
39.660000, 20.000000

Wall3:
88.952209, -8.365729
90.952209, -8.365729
90.952209, -6.365729
88.952209, -6.365729

Wall37:
88.952209, 16.139523
90.952209, 16.139523
90.952209, 18.139523
88.952209, 18.139523

Wall36:
88.952209, 6.434966
90.952209, 6.434966
90.952209, 8.434966
88.952209, 8.434966

Wall18:
140.095673, -0.340000
149.975677, -0.340000
149.975677, 0.340000
140.095673, 0.340000

Wall10:
125.458008, -0.340000
134.842316, -0.340000
134.842316, 0.340000
125.458008, 0.340000

Table7:
141.582306, 30.898098
144.882294, 30.898098
144.882294, 40.898098
141.582306, 40.898098

Table6:
141.582306, 10.091565
144.882294, 10.091565
144.882294, 20.091566
141.582306, 20.091566

Table5:
130.962143, 10.242208
134.262131, 10.242208
134.262131, 20.242208
130.962143, 20.242208

Table4:
142.774094, -38.888317
146.074081, -38.888317
146.074081, -7.948317
142.774094, -7.948317

Table2:
129.134155, -28.818316
132.434143, -28.818316
132.434143, -7.738317
129.134155, -7.738317

