Plane:
18.531160, 6.480646
18.531160, 4.480646
20.531160, 4.480646
20.531160, 6.480646

Plane.001:
17.431324, -20.779934
17.431324, -22.779934
19.431324, -22.779934
19.431324, -20.779934

Table1:
50.066177, -2.924371
60.066177, -2.924370
50.066177, 2.075629
60.066177, 2.075630

Table10:
12.566181, -21.754372
17.566181, -21.754372
12.566181, -19.094372
17.566181, -19.094372

Table11:
12.566181, -11.754370
17.566181, -11.754370
12.566181, -9.094370
17.566181, -9.094370

Table12:
2.566181, -11.754370
7.566181, -11.754370
2.566181, -9.094370
7.566181, -9.094370

Table13:
2.566181, -21.754372
7.566181, -21.754372
2.566181, -19.094372
7.566181, -19.094372

Table14:
2.566181, 8.245630
7.566181, 8.245630
2.566181, 10.905630
7.566181, 10.905630

Table15:
2.566181, 18.245628
7.566181, 18.245628
2.566181, 20.905628
7.566181, 20.905628

Table2:
89.633255, -14.833528
91.283249, -14.833528
89.633255, -4.293529
91.283249, -4.293529

Table3:
35.073765, -2.452835
38.573765, -2.452834
35.073765, 3.687165
38.573765, 3.687165

Table3.001:
41.695744, -10.413109
45.115742, -10.413109
41.695744, -4.273109
45.115742, -4.273108

Table4:
96.453232, -19.868528
98.103226, -19.868526
96.453232, -4.398528
98.103226, -4.398528

Table5:
90.547256, 4.696733
92.197250, 4.696733
90.547256, 9.696733
92.197250, 9.696733

Table6:
95.857330, 4.621412
97.507324, 4.621412
95.857330, 9.621412
97.507324, 9.621412

Table7:
95.857330, 15.024677
97.507324, 15.024677
95.857330, 20.024677
97.507324, 20.024677

Table8:
12.566181, 8.245630
17.566181, 8.245630
12.566181, 10.905630
17.566181, 10.905630

Table9:
41.226982, 4.578078
44.946983, 4.578079
41.226982, 10.478079
44.946983, 10.478079

Wall1:
0.066177, 24.745628
0.066177, 24.405628
100.066177, 24.745628
100.066177, 24.405628

Wall10:
87.694443, -0.254370
87.694443, -0.594370
92.906601, -0.254370
92.906601, -0.594370

Wall11:
19.896179, 4.782688
20.236179, 4.782688
19.896179, 13.368572
20.236179, 13.368573

Wall12:
19.896179, -25.170053
20.236179, -25.170053
19.896179, -16.638689
20.236179, -16.638689

Wall13:
19.896179, -14.419370
20.236179, -14.419370
19.896179, -5.419370
20.236179, -5.419370

Wall14:
0.105152, -5.254370
0.105152, -5.594370
9.131641, -5.254370
9.131641, -5.594370

Wall15:
0.102114, 4.745630
0.102114, 4.405630
9.169409, 4.745630
9.169409, 4.405630

Wall16:
19.896179, 15.899266
20.236179, 15.899267
19.896179, 24.358355
20.236179, 24.358355

Wall17:
100.132217, -25.424370
100.472214, -25.424370
100.132217, 24.575630
100.472214, 24.575630

Wall18:
95.064018, -0.254370
95.064018, -0.594370
100.104012, -0.254370
100.104012, -0.594370

Wall19:
0.066177, -25.254372
0.066177, -25.594372
100.066177, -25.254372
100.066177, -25.594372

Wall2:
41.066177, -15.254370
41.066177, -15.594370
54.066177, -15.254370
54.066177, -15.594370

Wall20:
87.396179, 21.188770
87.736176, 21.188770
87.396179, 24.363678
87.736176, 24.363678

Wall21:
34.678566, -15.424371
35.018566, -15.424371
34.678562, 14.575629
35.018562, 14.575629

Wall22:
87.396179, -25.207451
87.736176, -25.207451
87.396179, -21.958771
87.736176, -21.958771

Wall23:
74.896179, -15.424371
75.236176, -15.424371
74.896179, 14.575629
75.236176, 14.575629

Wall24:
34.897495, -15.254370
34.897495, -15.594370
41.197498, -15.254370
41.197498, -15.594370

Wall25:
56.066177, -15.254370
56.066177, -15.594370
69.066177, -15.254370
69.066177, -15.594370

Wall26:
71.151237, -15.254370
71.151237, -15.594370
74.848854, -15.254370
74.848854, -15.594370

Wall27:
87.396179, -19.924370
87.736176, -19.924370
87.396179, 19.075630
87.736176, 19.075630

Wall28:
71.057838, 14.745630
71.057838, 14.405630
74.861397, 14.745630
74.861397, 14.405630

Wall29:
56.131546, 7.245630
56.131546, 6.905630
64.845932, 7.245630
64.845932, 6.905630

Wall3:
69.542282, -4.607235
70.542282, -4.607235
69.542282, -3.607235
70.542282, -3.607235

Wall30:
45.306736, -7.754370
45.306736, -8.094370
53.921902, -7.754370
53.921902, -8.094370

Wall31:
56.066177, 14.745630
56.066177, 14.405630
69.066177, 14.745630
69.066177, 14.405630

Wall32:
34.791904, 14.745630
34.791904, 14.405630
41.251904, 14.745630
41.251904, 14.405630

Wall33:
44.896179, -12.404370
45.236179, -12.404370
44.896175, 0.555630
45.236176, 0.555630

Wall34:
56.270687, -7.754370
56.270687, -8.094370
64.832893, -7.754370
64.832893, -8.094370

Wall35:
45.316185, 7.245630
45.316185, 6.905630
54.097733, 7.245630
54.097733, 6.905630

Wall36:
69.542282, 2.793113
70.542282, 2.793113
69.542282, 3.793113
70.542282, 3.793113

Wall37:
69.542282, 7.645391
70.542282, 7.645391
69.542282, 8.645391
70.542282, 8.645391

Wall38:
64.896179, 0.575630
65.236176, 0.575630
64.896179, 9.575629
65.236176, 9.575630

Wall39:
64.896179, 11.531273
65.236176, 11.531273
64.896179, 14.357988
65.236176, 14.357988

Wall4:
-0.333550, -25.424370
0.006450, -25.424370
-0.333552, 24.575630
0.006448, 24.575630

Wall40:
69.542282, -9.568165
70.542282, -9.568165
69.542282, -8.568165
70.542282, -8.568165

Wall41:
44.896179, -1.554370
45.236179, -1.554370
44.896175, 11.705629
45.236176, 11.705630

Wall42:
64.896179, -10.424371
65.236176, -10.424370
64.896179, -1.424370
65.236176, -1.424370

Wall43:
41.066177, 14.745630
41.066177, 14.405630
54.066177, 14.745630
54.066177, 14.405630

Wall5:
11.066181, 4.745630
11.066181, 4.405630
20.066181, 4.745630
20.066181, 4.405630

Wall6:
64.896179, -15.214536
65.236176, -15.214536
64.896179, -12.214536
65.236176, -12.214536

Wall7:
11.238575, -5.254370
11.238575, -5.594370
19.858562, -5.254370
19.858562, -5.594370

Wall8:
44.896179, -15.214106
45.236179, -15.214106
44.896175, -12.328569
45.236176, -12.328569

Wall9:
44.896179, 11.509233
45.236179, 11.509233
44.896175, 14.359266
45.236176, 14.359266

