[ 0.         0.         0.        ...  0.        14.934108   1.7400634]
[ 0.         0.         0.        ...  0.        18.22745   -1.6137297]
[ 0.          0.          0.         ...  0.         18.227453
 -0.17025441]
[ 0.         0.         0.        ...  0.         7.854038  -1.3757743]
[ 0.         0.         0.        ...  0.        14.3416815  2.9312496]
[ 0.         0.         0.        ...  0.        18.22745   -0.9387901]
[ 0.         0.         0.        ...  0.        18.227453   2.7289717]
[0.        0.        0.        ... 0.        9.459559  1.1509969]
[ 0.         0.         0.        ...  0.        14.6932125  0.544195 ]
[ 0.        0.        0.       ...  0.       17.088264  2.650768]
[ 0.         0.         0.        ...  0.        10.890392   1.3405143]
[ 0.          0.          0.         ...  0.         12.083339
  0.57823646]
[ 0.         0.         0.        ...  0.         7.6566396 -2.4763238]
[ 0.         0.         0.        ...  0.        18.22745   -1.5734415]
[ 0.         0.         0.        ...  0.        18.227453   0.9147485]
[ 0.         0.         0.        ...  0.        18.227453  -1.2984451]
[ 0.         0.         0.        ...  0.        15.15017    2.8465936]
[ 0.          0.          0.         ...  0.         15.686563
 -0.51977676]
[ 0.         0.         0.        ...  0.        18.227453   2.1459072]
[ 0.         0.         0.        ...  0.        17.130651   1.4680068]
[ 0.         0.         0.        ...  0.        14.826496   3.0212119]
[ 0.        0.        0.       ...  0.       18.227453  0.527046]
[ 0.         0.         0.        ...  0.         9.032895  -2.0265176]
[ 0.         0.         0.        ...  0.        17.880062  -1.4178258]
[ 0.          0.          0.         ...  0.         18.109581
 -0.75191265]
[ 0.         0.         0.        ...  0.        11.92251   -2.7998881]
[ 0.         0.         0.        ...  0.        12.1188965 -0.3628   ]
[ 0.         0.         0.        ...  0.        18.227453   2.8048894]
[ 0.         0.         0.        ...  0.        18.227453  -0.9788385]
[ 0.         0.         0.        ...  0.        18.227453  -2.2470605]
[ 0.         0.         0.        ...  0.         8.600928  -1.1193032]
[ 0.        0.        0.       ...  0.       18.227453  2.756692]
[ 0.         0.         0.        ...  0.        11.329631  -1.4676039]
[0.        0.        0.        ... 0.        7.6561666 0.9226504]
[ 0.         0.         0.        ...  0.        18.227453  -2.2302697]
[ 0.         0.         0.        ...  0.         9.207179  -2.4107854]
[ 0.         0.         0.        ...  1.7400634 14.933415   1.3279786]
[ 0.         0.         0.        ... -1.6137297 18.226942  -1.2329551]
[ 0.          0.          0.         ... -0.17025441 18.176964
 -0.12814933]
[ 0.         0.         0.        ... -1.3757743  7.8490987 -1.0461583]
[ 0.         0.         0.        ...  2.9312496 14.299141   2.3412576]
[ 0.         0.         0.        ... -0.9387901 18.205313  -0.7084008]
[ 0.         0.         0.        ...  2.7289717 18.193941   2.1711237]
[0.        0.        0.        ... 1.1509969 9.446824  0.8718908]
[ 0.        0.        0.       ...  0.544195 14.652326  0.407997]
[ 0.         0.         0.        ...  2.650768  17.057617   2.0967999]
[ 0.         0.         0.        ...  1.3405143 10.88443    1.0182607]
[ 0.          0.          0.         ...  0.57823646 12.04383
  0.4340363 ]
[ 0.         0.         0.        ... -2.4763238  7.6350822 -1.9484618]
[ 0.         0.         0.        ... -1.5734415 18.226517  -1.2009467]
[ 0.         0.         0.        ...  0.9147485 18.204176   0.6901052]
[ 0.         0.         0.        ... -1.2984451 18.220158  -0.9850212]
[ 0.         0.         0.        ...  2.8465936 15.11092    2.2672389]
[ 0.          0.          0.         ... -0.51977676 15.644681
 -0.39029816]
[ 0.         0.         0.        ...  2.1459072 18.21978    1.6670165]
[ 0.         0.         0.        ...  1.4680068 17.127272   1.112426 ]
[ 0.         0.         0.        ...  3.0212119 14.781      2.4193375]
[ 0.          0.          0.         ...  0.527046   18.186829
  0.39676785]
[ 0.         0.         0.        ... -2.0265176  9.028808  -1.5662533]
[ 0.         0.         0.        ... -1.4178258 17.875418  -1.074687 ]
[ 0.          0.          0.         ... -0.75191265 18.077723
 -0.56547475]
[ 0.         0.         0.        ... -2.7998881 11.8851385 -2.2284045]
[ 0.          0.          0.         ... -0.3628     12.072655
 -0.27346838]
[ 0.         0.         0.        ...  2.8048894 18.190615   2.2374706]
[ 0.         0.         0.        ... -0.9788385 18.207172  -0.7389553]
[ 0.         0.         0.        ... -2.2470605 18.216026  -1.7529963]
[ 0.          0.          0.         ... -1.1193032   8.586886
 -0.84774727]
[ 0.         0.         0.        ...  2.756692  18.192709   2.1953964]
[ 0.         0.         0.        ... -1.4676039 11.326135  -1.1139807]
[0.         0.         0.         ... 0.9226504  7.6332974  0.69782877]
[ 0.         0.         0.        ... -2.2302697 18.216682  -1.7386104]
[ 0.         0.         0.        ... -2.4107854  9.1886835 -1.8920293]
[ 0.         0.         0.        ...  1.3279786 14.92064    0.8036872]
[ 0.          0.          0.         ... -1.2329551  18.206795
 -0.73904234]
[ 0.          0.          0.         ... -0.12814933 18.048452
 -0.06602413]
[ 0.         0.         0.        ... -1.0461583  7.8092184 -0.610957 ]
[ 0.         0.         0.        ...  2.3412576 14.261478   1.6071978]
[ 0.          0.          0.         ... -0.7084008  18.124216
 -0.38943106]
[ 0.         0.         0.        ...  2.1711237 18.173847   1.4756305]
[0.         0.         0.         ... 0.8718908  9.385862   0.49461684]
[ 0.          0.          0.         ...  0.407997   14.537826
  0.21361923]
[ 0.         0.         0.        ...  2.0967999 17.042707   1.4080944]
[ 0.         0.         0.        ...  1.0182607 10.841263   0.5906993]
[ 0.          0.          0.         ...  0.4340363  11.93157
  0.22878265]
[ 0.         0.         0.        ... -1.9484618  7.631229  -1.2884431]
[ 0.         0.         0.        ... -1.2009467 18.20329   -0.7161587]
[ 0.          0.          0.         ...  0.6901052  18.120949
  0.37829733]
[ 0.         0.         0.        ... -0.9850212 18.173     -0.5668524]
[ 0.         0.         0.        ...  2.2672389 15.0809     1.5469773]
[ 0.          0.          0.         ... -0.39029816 15.528439
 -0.20508792]
[ 0.         0.         0.        ...  1.6670165 18.222631   1.0662105]
[ 0.         0.         0.        ...  1.112426  17.093843   0.6497614]
[ 0.         0.         0.        ...  2.4193375 14.735102   1.670543 ]
[ 0.          0.          0.         ...  0.39676785 18.073479
  0.20878911]
[ 0.         0.         0.        ... -1.5662533  9.029853  -0.9871588]
[ 0.          0.          0.         ... -1.074687   17.83718
 -0.62574106]
[ 0.          0.          0.         ... -0.56547475 17.978144
 -0.3043621 ]
[ 0.         0.         0.        ... -2.2284045 11.858676  -1.5175209]
[ 0.          0.          0.         ... -0.27346838 11.9505625
 -0.14284445]
[ 0.         0.         0.        ...  2.2374706 18.164385   1.5303483]
[ 0.          0.          0.         ... -0.7389553  18.12981
 -0.40825397]
[ 0.         0.         0.        ... -1.7529963 18.218618  -1.1343695]
[ 0.          0.          0.         ... -0.84774727  8.522939
 -0.47955942]
[ 0.         0.         0.        ...  2.1953964 18.170418   1.4956739]
[ 0.         0.         0.        ... -1.1139807 11.292313  -0.6540155]
[0.         0.         0.         ... 0.69782877 7.5510387  0.3864514 ]
[ 0.         0.         0.        ... -1.7386104 18.219442  -1.1228908]
[ 0.         0.         0.        ... -1.8920293  9.187491  -1.2438846]
[ 0.         0.         0.        ...  0.8036872 14.853712   0.422584 ]
[ 0.          0.          0.         ... -0.73904234 18.12822
 -0.37778193]
[ 0.          0.          0.         ... -0.06602413 17.871801
 -0.0180285 ]
[ 0.          0.          0.         ... -0.610957    7.7059946
 -0.29272997]
[ 0.         0.         0.        ...  1.6071978 14.272588   1.0534751]
[ 0.          0.          0.         ... -0.38943106 17.981525
 -0.15305454]
[ 0.         0.         0.        ...  1.4756305 18.185364   0.9489541]
[0.         0.         0.         ... 0.49461684 9.261046   0.21685496]
[ 0.          0.          0.         ...  0.21361923 14.369041
  0.06693426]
[ 0.          0.          0.         ...  1.4080944  17.051355
  0.89031494]
[ 0.          0.          0.         ...  0.5906993  10.734293
  0.27775064]
[ 0.          0.          0.         ...  0.22878265 11.76433
  0.07388841]
[ 0.         0.         0.        ... -1.2884431  7.633246  -0.7960564]
[ 0.          0.          0.         ... -0.7161587  18.120356
 -0.36168247]
[ 0.          0.          0.         ...  0.37829733 17.976612
  0.14691901]
[ 0.         0.         0.        ... -0.5668524 18.061659  -0.2605551]
[ 0.         0.         0.        ...  1.5469773 15.092872   1.003516 ]
[ 0.          0.          0.         ... -0.20508792 15.358052
 -0.06572096]
[ 0.          0.          0.         ...  1.0662105  18.199675
  0.62094617]
[ 0.          0.          0.         ...  0.6497614  16.997408
  0.31393057]
[ 0.         0.         0.        ...  1.670543  14.744323   1.1067214]
[ 0.          0.          0.         ...  0.20878911 17.90679
  0.06609941]
[ 0.          0.          0.         ... -0.9871588   8.99519
 -0.56200266]
[ 0.          0.          0.         ... -0.62574106 17.734806
 -0.2996653 ]
[ 0.          0.          0.         ... -0.3043621  17.819649
 -0.11048812]
[ 0.         0.         0.        ... -1.5175209 11.869927  -0.9820944]
[ 0.          0.          0.         ... -0.14284445 11.778048
 -0.04231311]
[ 0.         0.         0.        ...  1.5303483 18.176668   0.994293 ]
[ 0.          0.          0.         ... -0.40825397 17.990328
 -0.16357571]
[ 0.         0.         0.        ... -1.1343695 18.20466   -0.6739786]
[ 0.          0.          0.         ... -0.47955942  8.395396
 -0.20803091]
[ 0.          0.          0.         ...  1.4956739  18.18231
  0.96552706]
[ 0.          0.          0.         ... -0.6540155  11.195259
 -0.32026047]
[0.         0.         0.         ... 0.3864514  7.4077034  0.15424114]
[ 0.          0.          0.         ... -1.1228908  18.20406
 -0.66500145]
[ 0.         0.         0.        ... -1.2438846  9.185584  -0.7607478]
[ 0.          0.          0.         ...  0.422584   14.720832
  0.17014281]
[ 0.          0.          0.         ... -0.37778193 17.986553
 -0.14097482]
[ 0.0000000e+00  0.0000000e+00  0.0000000e+00 ... -1.8028498e-02
  1.7665995e+01  8.4989071e-03]
[ 0.          0.          0.         ... -0.29272997  7.5458584
 -0.08864164]
[ 0.         0.         0.        ...  1.0534751 14.26316    0.6369797]
[ 0.0000000e+00  0.0000000e+00  0.0000000e+00 ... -1.5305454e-01
  1.7795109e+01 -1.1359215e-02]
[ 0.         0.         0.        ...  0.9489541 18.16077    0.5576005]
[0.         0.         0.         ... 0.21685496 9.086119   0.04387879]
[ 0.          0.          0.         ...  0.06693426 14.166103
 -0.01668798]
[ 0.          0.          0.         ...  0.89031494 17.016178
  0.5106331 ]
[ 0.          0.          0.         ...  0.27775064 10.571434
  0.07871601]
[ 0.          0.          0.         ...  0.07388841 11.562213
 -0.01516323]
[ 0.          0.          0.         ... -0.7960564   7.58145
 -0.44288197]
[ 0.          0.          0.         ... -0.36168247 17.97515
 -0.13054377]
[0.0000000e+00 0.0000000e+00 0.0000000e+00 ... 1.4691901e-01 1.7789352e+01
 8.5594654e-03]
[ 0.          0.          0.         ... -0.2605551  17.895655
 -0.06773145]
[ 0.         0.         0.        ...  1.003516  15.076877   0.5973899]
[ 0.0000000e+00  0.0000000e+00  0.0000000e+00 ... -6.5720960e-02
  1.5153568e+01  1.2383327e-02]
[ 0.          0.          0.         ...  0.62094617 18.111269
  0.3101952 ]
[ 0.          0.          0.         ...  0.31393057 16.841019
  0.09891754]
[ 0.         0.         0.        ...  1.1067214 14.74144    0.6794409]
[ 0.0000000e+00  0.0000000e+00  0.0000000e+00 ...  6.6099405e-02
  1.7706537e+01 -1.5128136e-02]
[ 0.          0.          0.         ... -0.56200266  8.893761
 -0.2698869 ]
[ 0.          0.          0.         ... -0.2996653  17.573475
 -0.09284248]
[ 0.00000000e+00  0.00000000e+00  0.00000000e+00 ... -1.10488124e-01
  1.76220188e+01  1.51690841e-03]
[ 0.         0.         0.        ... -0.9820944 11.849352  -0.584658 ]
[ 0.          0.          0.         ... -0.04231311 11.574534
  0.01449478]
[ 0.          0.          0.         ...  0.994293   18.159178
  0.59304714]
[ 0.0000000e+00  0.0000000e+00  0.0000000e+00 ... -1.6357571e-01
  1.7806063e+01 -1.5972137e-02]
[ 0.         0.         0.        ... -0.6739786 18.12764   -0.3489867]
[ 0.          0.          0.         ... -0.20803091  8.21871
 -0.03926721]
[ 0.          0.          0.         ...  0.96552706 18.160376
  0.57052493]
[ 0.          0.          0.         ... -0.32026047 11.037814
 -0.10657103]
[0.         0.         0.         ... 0.15424114 7.2211156  0.01284438]
[ 0.          0.          0.         ... -0.66500145 18.125097
 -0.34237772]
[ 0.          0.          0.         ... -0.7607478   9.12668
 -0.41554907]
[ 0.          0.          0.         ...  0.17014281 14.539592
  0.02099679]
[ 0.0000000e+00  0.0000000e+00  0.0000000e+00 ... -1.4097482e-01
  1.7800953e+01 -5.7866573e-03]
[0.0000000e+00 0.0000000e+00 0.0000000e+00 ... 8.4989071e-03 1.7442678e+01
 1.5014410e-02]
[ 0.          0.          0.         ... -0.08864164  7.349125
  0.02066302]
[ 0.         0.         0.        ...  0.6369797 14.186083   0.3340228]
[ 0.0000000e+00  0.0000000e+00  0.0000000e+00 ... -1.1359215e-02
  1.7583027e+01  4.7266006e-02]
[ 0.          0.          0.         ...  0.5576005  18.067183
  0.27757692]
[ 0.          0.          0.         ...  0.04387879  8.880805
 -0.0393222 ]
[ 0.          0.          0.         ... -0.01668798 13.943172
 -0.04276929]
[ 0.          0.          0.         ...  0.5106331  16.910439
  0.24347551]
[ 0.          0.          0.         ...  0.07871601 10.373106
 -0.02517042]
[ 0.          0.          0.         ... -0.01516323 11.339697
 -0.04403979]
[ 0.          0.          0.         ... -0.44288197  7.4615417
 -0.1993404 ]
[ 0.0000000e+00  0.0000000e+00  0.0000000e+00 ... -1.3054377e-01
  1.7787273e+01 -3.8433075e-04]
[ 0.0000000e+00  0.0000000e+00  0.0000000e+00 ...  8.5594654e-03
  1.7576994e+01 -4.7931671e-02]
[ 0.          0.          0.         ... -0.06773145 17.695457
  0.02982402]
[ 0.         0.         0.        ...  0.5973899 14.9918375  0.3045086]
[0.0000000e+00 0.0000000e+00 0.0000000e+00 ... 1.2383327e-02 1.4928985e+01
 3.4870476e-02]
[ 0.          0.          0.         ...  0.3101952  17.961584
  0.10759211]
[ 0.          0.          0.         ...  0.09891754 16.6452
 -0.01713471]
[ 0.          0.          0.         ...  0.6794409  14.673337
  0.36555743]
[ 0.0000000e+00  0.0000000e+00  0.0000000e+00 ... -1.5128136e-02
  1.7486631e+01 -3.9947748e-02]
[ 0.          0.          0.         ... -0.2698869   8.734737
 -0.08299449]
[ 0.000000e+00  0.000000e+00  0.000000e+00 ... -9.284248e-02  1.737380e+01
  1.563774e-02]
[0.0000000e+00 0.0000000e+00 0.0000000e+00 ... 1.5169084e-03 1.7401579e+01
 4.0833239e-02]
[ 0.          0.          0.         ... -0.584658   11.759384
 -0.29963613]
[ 0.          0.          0.         ...  0.01449478 11.352642
  0.03036925]
[ 0.          0.          0.         ...  0.59304714 18.073532
  0.30316043]
[ 0.0000000e+00  0.0000000e+00  0.0000000e+00 ... -1.5972137e-02
  1.7595449e+01  4.6871185e-02]
[ 0.          0.          0.         ... -0.3489867  17.986631
 -0.13301569]
[ 0.          0.          0.         ... -0.03926721  8.01239
  0.04098111]
[ 0.          0.          0.         ...  0.57052493 18.06969
  0.28687572]
[ 0.00000000e+00  0.00000000e+00  0.00000000e+00 ... -1.06571026e-01
  1.08403130e+01  8.71317834e-03]
[ 0.          0.          0.         ...  0.01284438  7.0091343
 -0.04774845]
[ 0.          0.          0.         ... -0.34237772 17.98249
 -0.12867838]
[ 0.          0.          0.         ... -0.41554907  9.0005455
 -0.17966199]
[ 0.          0.          0.         ...  0.02099679 14.329555
 -0.04444292]
[ 0.0000000e+00  0.0000000e+00  0.0000000e+00 ... -5.7866573e-03
  1.7589661e+01  4.7243595e-02]
[0.0000000e+00 0.0000000e+00 0.0000000e+00 ... 1.5014410e-02 1.7208784e+01
 8.4772110e-03]
[0.         0.         0.         ... 0.02066302 7.1314135  0.05326286]
[ 0.          0.          0.         ...  0.3340228  14.042841
  0.12909767]
[ 0.          0.          0.         ...  0.04726601 17.356014
  0.04383659]
[ 0.          0.          0.         ...  0.27757692 17.91361
  0.09311152]
[ 0.          0.          0.         ... -0.0393222   8.658083
 -0.05166084]
[ 0.          0.          0.         ... -0.04276929 13.70822
 -0.02925406]
[ 0.          0.          0.         ...  0.24347551 16.746637
  0.07163338]
[ 0.          0.          0.         ... -0.02517042 10.154472
 -0.05290708]
[ 0.          0.          0.         ... -0.04403979 11.104915
 -0.03093606]
[ 0.          0.          0.         ... -0.1993404   7.2900205
 -0.04638582]
[ 0.0000000e+00  0.0000000e+00  0.0000000e+00 ... -3.8433075e-04
  1.7574553e+01  4.8391342e-02]
[ 0.          0.          0.         ... -0.04793167 17.349987
 -0.04340124]
[ 0.          0.          0.         ...  0.02982402 17.47568
  0.05220366]
[ 0.          0.          0.         ...  0.3045086  14.84297
  0.10899666]
[ 0.          0.          0.         ...  0.03487048 14.692278
  0.02004319]
[ 0.00000000e+00  0.00000000e+00  0.00000000e+00 ...  1.07592106e-01
  1.77712803e+01 -5.38682938e-03]
[ 0.          0.          0.         ... -0.01713471 16.426628
 -0.05441225]
[ 0.          0.          0.         ...  0.36555743 14.537157
  0.15039718]
[ 0.          0.          0.         ... -0.03994775 17.254929
 -0.02600265]
[ 0.          0.          0.         ... -0.08299449  8.538843
  0.01742637]
[0.0000000e+00 0.0000000e+00 0.0000000e+00 ... 1.5637740e-02 1.7151978e+01
 4.6695344e-02]
[ 0.          0.          0.         ...  0.04083324 17.167683
  0.02890079]
[ 0.          0.          0.         ... -0.29963613 11.606815
 -0.11037037]
[ 0.          0.          0.         ...  0.03036925 11.119673
  0.01849818]
[ 0.          0.          0.         ...  0.30316043 17.92575
  0.10944295]
[ 0.          0.          0.         ...  0.04687119 17.369541
  0.045753  ]
[ 0.0000000e+00  0.0000000e+00  0.0000000e+00 ... -1.3301569e-01
  1.7801628e+01 -7.8358650e-03]
[0.         0.         0.         ... 0.04098111 7.789072   0.05135581]
[ 0.          0.          0.         ...  0.28687572 17.918226
  0.09901237]
[0.0000000e+00 0.0000000e+00 0.0000000e+00 ... 8.7131783e-03 1.0619533e+01
 4.5692012e-02]
[ 0.          0.          0.         ... -0.04774845  6.7824078
 -0.04595673]
[ 0.0000000e+00  0.0000000e+00  0.0000000e+00 ... -1.2867838e-01
  1.7796356e+01 -5.6269169e-03]
[ 0.          0.          0.         ... -0.17966199  8.824948
 -0.03444445]
[ 0.          0.          0.         ... -0.04444292 14.102862
 -0.04748967]
[ 0.          0.          0.         ...  0.0472436  17.363321
  0.04149747]
[ 0.0000000e+00  0.0000000e+00  0.0000000e+00 ...  8.4772110e-03
  1.6968493e+01 -1.6777515e-03]
[0.         0.         0.         ... 0.05326286 6.9011464  0.03453895]
[0.0000000e+00 0.0000000e+00 0.0000000e+00 ... 1.2909767e-01 1.3854228e+01
 8.6905621e-03]
[0.0000000e+00 0.0000000e+00 0.0000000e+00 ... 4.3836594e-02 1.7119728e+01
 1.1172771e-02]
[ 0.0000000e+00  0.0000000e+00  0.0000000e+00 ...  9.3111515e-02
  1.7721043e+01 -9.0763569e-03]
[ 0.          0.          0.         ... -0.05166084  8.424671
 -0.02301461]
[ 0.0000000e+00  0.0000000e+00  0.0000000e+00 ... -2.9254057e-02
  1.3465835e+01 -2.2597238e-03]
[ 0.          0.          0.         ...  0.07163338 16.546082
 -0.0192576 ]
[ 0.          0.          0.         ... -0.05290708  9.9236145
 -0.03166771]
[ 0.0000000e+00  0.0000000e+00  0.0000000e+00 ... -3.0936062e-02
  1.0862512e+01 -2.9313862e-03]
[ 0.          0.          0.         ... -0.04638582  7.086863
  0.02992395]
[ 0.          0.          0.         ...  0.04839134 17.347206
  0.03994298]
[ 0.0000000e+00  0.0000000e+00  0.0000000e+00 ... -4.3401241e-02
  1.7113852e+01 -1.0555029e-02]
[ 0.          0.          0.         ...  0.05220366 17.244041
  0.02846575]
[ 0.0000000e+00  0.0000000e+00  0.0000000e+00 ...  1.0899666e-01
  1.4651526e+01 -2.8079599e-03]
[ 0.0000000e+00  0.0000000e+00  0.0000000e+00 ...  2.0043194e-02
  1.4448115e+01 -6.3521415e-03]
[ 0.0000000e+00  0.0000000e+00  0.0000000e+00 ... -5.3868294e-03
  1.7557274e+01 -4.5445204e-02]
[ 0.          0.          0.         ... -0.05441225 16.194504
 -0.03914298]
[ 0.          0.          0.         ...  0.15039718 14.35294
  0.02078969]
[ 0.0000000e+00  0.0000000e+00  0.0000000e+00 ... -2.6002645e-02
  1.7015942e+01  9.1838837e-04]
[0.         0.         0.         ... 0.01742637 8.321593   0.04790658]
[ 0.          0.          0.         ...  0.04669534 16.91699
  0.02829056]
[ 0.0000000e+00  0.0000000e+00  0.0000000e+00 ...  2.8900785e-02
  1.6925526e+01 -2.6566591e-03]
[ 0.0000000e+00  0.0000000e+00  0.0000000e+00 ... -1.1037037e-01
  1.1412691e+01 -3.2001585e-03]
[ 0.0000000e+00  0.0000000e+00  0.0000000e+00 ...  1.8498182e-02
  1.0879922e+01 -2.0594299e-03]
[ 0.0000000e+00  0.0000000e+00  0.0000000e+00 ...  1.0944295e-01
  1.7736700e+01 -1.0416508e-03]
[0.0000000e+00 0.0000000e+00 0.0000000e+00 ... 4.5753002e-02 1.7134127e+01
 1.3334513e-02]
[ 0.0000000e+00  0.0000000e+00  0.0000000e+00 ... -7.8358650e-03
  1.7590683e+01  4.2479515e-02]
[0.         0.         0.         ... 0.05135581 7.555291   0.02186057]
[ 0.0000000e+00  0.0000000e+00  0.0000000e+00 ...  9.9012375e-02
  1.7726934e+01 -6.2224865e-03]
[ 0.          0.          0.         ...  0.04569201 10.384937
  0.03058447]
[ 0.          0.          0.         ... -0.04595673  6.5464873
 -0.01294163]
[ 0.0000000e+00  0.0000000e+00  0.0000000e+00 ... -5.6269169e-03
  1.7584581e+01  4.2894125e-02]
[ 0.          0.          0.         ... -0.03444445  8.61943
  0.03442878]
[ 0.          0.          0.         ... -0.04748967 13.865984
 -0.01829508]
[0.0000000e+00 0.0000000e+00 0.0000000e+00 ... 4.1497469e-02 1.7127613e+01
 9.5002651e-03]
[ 0.0000000e+00  0.0000000e+00  0.0000000e+00 ... -1.6777515e-03
  1.6724339e+01 -7.6050758e-03]
[ 0.0000000e+00  0.0000000e+00  0.0000000e+00 ...  3.4538954e-02
  6.6630006e+00 -1.1049211e-03]
[ 0.0000000e+00  0.0000000e+00  0.0000000e+00 ...  8.6905621e-03
  1.3638732e+01 -4.1033704e-02]
[ 0.0000000e+00  0.0000000e+00  0.0000000e+00 ...  1.1172771e-02
  1.6877787e+01 -1.8193960e-02]
[ 0.0000000e+00  0.0000000e+00  0.0000000e+00 ... -9.0763569e-03
  1.7505695e+01 -4.3575287e-02]
[ 0.          0.          0.         ... -0.02301461  8.184608
  0.01157489]
[ 0.0000000e+00  0.0000000e+00  0.0000000e+00 ... -2.2597238e-03
  1.3219043e+01  1.5760303e-02]
[ 0.          0.          0.         ... -0.0192576  16.324213
 -0.04505815]
[ 0.0000000e+00  0.0000000e+00  0.0000000e+00 ... -3.1667709e-02
  9.6851034e+00  3.5750866e-03]
[ 0.0000000e+00  0.0000000e+00  0.0000000e+00 ... -2.9313862e-03
  1.0615550e+01  1.6299665e-02]
[0.         0.         0.         ... 0.02992395 6.8653316  0.0450086 ]
[0.0000000e+00 0.0000000e+00 0.0000000e+00 ... 3.9942980e-02 1.7110746e+01
 7.3235035e-03]
[ 0.0000000e+00  0.0000000e+00  0.0000000e+00 ... -1.0555029e-02
  1.6872135e+01  1.8481970e-02]
[ 0.0000000e+00  0.0000000e+00  0.0000000e+00 ...  2.8465748e-02
  1.7004990e+01 -6.0932636e-03]
[ 0.0000000e+00  0.0000000e+00  0.0000000e+00 ... -2.8079599e-03
  1.4435170e+01 -4.5174614e-02]
[ 0.0000000e+00  0.0000000e+00  0.0000000e+00 ... -6.3521415e-03
  1.4199501e+01 -2.2889212e-02]
[ 0.          0.          0.         ... -0.0454452  17.329224
 -0.03507948]
[ 0.0000000e+00  0.0000000e+00  0.0000000e+00 ... -3.9142981e-02
  1.5953926e+01 -5.4212660e-03]
[ 0.          0.          0.         ...  0.02078969 14.139991
 -0.03662117]
[0.0000000e+00 0.0000000e+00 0.0000000e+00 ... 9.1838837e-04 1.6772585e+01
 1.8646002e-02]
[0.         0.         0.         ... 0.04790658 8.09156    0.03170887]
[ 0.0000000e+00  0.0000000e+00  0.0000000e+00 ...  2.8290562e-02
  1.6673939e+01 -5.0308779e-03]
[ 0.0000000e+00  0.0000000e+00  0.0000000e+00 ... -2.6566591e-03
  1.6678478e+01 -2.5803059e-02]
[ 0.0000000e+00  0.0000000e+00  0.0000000e+00 ... -3.2001585e-03
  1.1194140e+01  3.6211461e-02]
[ 0.0000000e+00  0.0000000e+00  0.0000000e+00 ... -2.0594299e-03
  1.0636106e+01 -1.4922634e-02]
[ 0.0000000e+00  0.0000000e+00  0.0000000e+00 ... -1.0416508e-03
  1.7523407e+01 -4.2268276e-02]
[ 0.0000000e+00  0.0000000e+00  0.0000000e+00 ...  1.3334513e-02
  1.6892874e+01 -1.7201185e-02]
[ 0.          0.          0.         ...  0.04247952 17.364492
  0.03861666]
[ 0.          0.          0.         ...  0.02186057  7.3150063
 -0.01260778]
[ 0.0000000e+00  0.0000000e+00  0.0000000e+00 ... -6.2224865e-03
  1.7512360e+01 -4.3175459e-02]
[ 0.0000000e+00  0.0000000e+00  0.0000000e+00 ...  3.0584469e-02
  1.0141833e+01 -2.7127564e-03]
[ 0.          0.          0.         ... -0.01294163  6.304929
  0.01838243]
[ 0.          0.          0.         ...  0.04289412 17.357702
  0.03795433]
[0.         0.         0.         ... 0.03442878 8.3965     0.04373828]
[ 0.0000000e+00  0.0000000e+00  0.0000000e+00 ... -1.8295079e-02
  1.3622959e+01  1.1811867e-02]
[ 0.0000000e+00  0.0000000e+00  0.0000000e+00 ...  9.5002651e-03
  1.6886200e+01 -1.8090725e-02]
[ 0.0000000e+00  0.0000000e+00  0.0000000e+00 ... -7.6050758e-03
  1.6477865e+01 -6.1497688e-03]
[ 0.0000000e+00  0.0000000e+00  0.0000000e+00 ... -1.1049211e-03
  6.4201560e+00 -2.4679631e-02]
[ 0.          0.          0.         ... -0.0410337  13.4074335
 -0.03910133]
[ 0.          0.          0.         ... -0.01819396 16.632547
 -0.02424788]
[ 0.          0.          0.         ... -0.04357529 17.276785
 -0.03187442]
[0.         0.         0.         ... 0.01157489 7.940653   0.02680871]
[ 0.          0.          0.         ...  0.0157603  12.969735
  0.01359113]
[ 0.          0.          0.         ... -0.04505815 16.089638
 -0.02888073]
[0.0000000e+00 0.0000000e+00 0.0000000e+00 ... 3.5750866e-03 9.4420452e+00
 2.4906486e-02]
[ 0.          0.          0.         ...  0.01629966 10.366048
  0.01458566]
[0.         0.         0.         ... 0.0450086  6.6326323  0.02283573]
[ 0.0000000e+00  0.0000000e+00  0.0000000e+00 ...  7.3235035e-03
  1.6868763e+01 -1.9283056e-02]
[ 0.          0.          0.         ...  0.01848197 16.627163
  0.02413082]
[ 0.0000000e+00  0.0000000e+00  0.0000000e+00 ... -6.0932636e-03
  1.6761555e+01 -2.4911404e-02]
[ 0.          0.          0.         ... -0.04517461 14.204206
 -0.03813531]
[ 0.          0.          0.         ... -0.02288921 13.949577
 -0.02019368]
[ 0.0000000e+00  0.0000000e+00  0.0000000e+00 ... -3.5079479e-02
  1.7092457e+01 -4.6725273e-03]
[ 0.0000000e+00  0.0000000e+00  0.0000000e+00 ... -5.4212660e-03
  1.5708329e+01  1.8169269e-02]
[ 0.          0.          0.         ... -0.03662117 13.910245
 -0.03976344]
[0.0000000e+00 0.0000000e+00 0.0000000e+00 ... 1.8646002e-02 1.6526640e+01
 1.6314268e-02]
[ 0.0000000e+00  0.0000000e+00  0.0000000e+00 ...  3.1708866e-02
  7.8535652e+00 -2.6875734e-04]
[ 0.0000000e+00  0.0000000e+00  0.0000000e+00 ... -5.0308779e-03
  1.6426193e+01 -2.5867514e-02]
[ 0.          0.          0.         ... -0.02580306 16.428856
 -0.025658  ]
[ 0.          0.          0.         ...  0.03621146 10.96119
  0.02821881]
[ 0.          0.          0.         ... -0.01492263 10.389855
 -0.01243415]
[ 0.          0.          0.         ... -0.04226828 17.295765
 -0.03454089]
[ 0.          0.          0.         ... -0.01720119 16.648228
 -0.02494121]
[0.0000000e+00 0.0000000e+00 0.0000000e+00 ... 3.8616657e-02 1.7128880e+01
 9.7637177e-03]
[ 0.          0.          0.         ... -0.01260778  7.070923
 -0.02702945]
[ 0.          0.          0.         ... -0.04317546 17.283928
 -0.03289652]
[ 0.0000000e+00  0.0000000e+00  0.0000000e+00 ... -2.7127564e-03
  9.8936768e+00 -2.5779702e-02]
[0.         0.         0.         ... 0.01838243 6.0601006  0.02619651]
[0.0000000e+00 0.0000000e+00 0.0000000e+00 ... 3.7954330e-02 1.7121443e+01
 8.9476109e-03]
[0.         0.         0.         ... 0.04373828 8.162921   0.01912481]
[4.9800000e+00 5.0100002e+00 5.0700002e+00 ... 1.1811867e-02 1.3376454e+01
 2.1971941e-02]
[ 4.92        4.81        4.71       ... -0.01809072 16.641447
 -0.02310276]
[ 3.5959999e+01  3.6180000e+01  5.7119999e+01 ... -6.1497688e-03
  1.6229979e+01  1.1634827e-04]
[ 4.          3.96        3.94       ... -0.02467963  6.1745534
 -0.02132693]
[ 7.2500000e+00  6.8400002e+00  6.4899998e+00 ... -3.9101329e-02
  1.3166409e+01 -1.2645967e-02]
[ 1.3610000e+01  1.3220000e+01  1.2380000e+01 ... -2.4247885e-02
  1.6385241e+01 -7.4775219e-03]
[ 8.7100000e+00  8.3299999e+00  8.0200005e+00 ... -3.1874418e-02
  1.7039461e+01 -2.7904510e-03]
[9.45       9.11       8.82       ... 0.02680871 7.6943536  0.01501855]
[ 1.7940001e+01  1.7650000e+01  1.7420000e+01 ...  1.3591126e-02
  1.2719743e+01 -2.3612082e-03]
[ 5.6999998e+00  5.5300002e+00  5.3800001e+00 ... -2.8880730e-02
  1.5847294e+01  2.0594150e-04]
[13.07       13.96       15.03       ...  0.02490649  9.196302
  0.01956779]
[ 1.5280000e+01  1.5040000e+01  1.4860000e+01 ...  1.4585659e-02
  1.0116054e+01 -1.7311126e-03]
[ 6.19        5.81        5.5        ...  0.02283573  6.393017
 -0.00733957]
[ 1.42        1.38        1.35       ... -0.01928306 16.623537
 -0.02263284]
[1.0510000e+01 1.1260000e+01 1.2170000e+01 ... 2.4130821e-02 1.6380175e+01
 7.2319508e-03]
[ 2.23        2.13        2.05       ... -0.0249114  16.515518
 -0.01757455]
[ 1.4250000e+01  7.5599999e+00  7.0999999e+00 ... -3.8135305e-02
  1.3964345e+01 -9.5947683e-03]
[ 2.0209999e+01  2.0969999e+01  2.1860001e+01 ... -2.0193681e-02
  1.3699612e+01 -6.0628802e-03]
[ 6.3099999e+00  6.2600002e+00  6.2399998e+00 ... -4.6725273e-03
  1.6850414e+01  1.8757343e-02]
[ 5.2         5.31        5.45       ...  0.01816927 15.45985
  0.0170106 ]
[12.7        11.99       12.2        ... -0.03976344 13.670221
 -0.0148725 ]
[7.4600000e+00 8.5400000e+00 1.0000000e+01 ... 1.6314268e-02 1.6279074e+01
 1.7905235e-04]
[ 4.1700001e+00  4.2600002e+00  1.0430000e+01 ... -2.6875734e-04
  7.6108031e+00 -2.1840364e-02]
[ 4.44        4.34        4.26       ... -0.02586751 16.176348
 -0.02181073]
[ 2.3139999e+01  2.4040001e+01  3.9509998e+01 ... -2.5657998e-02
  1.6178905e+01 -8.5558929e-03]
[4.6199999e+00 4.7700000e+00 4.9400001e+00 ... 2.8218806e-02 1.0719431e+01
 6.0391426e-04]
[ 1.7330000e+01  1.7940001e+01  1.7670000e+01 ... -1.2434155e-02
  1.0142107e+01  3.4815073e-04]
[ 8.4200001e+00  8.0100002e+00  7.6599998e+00 ... -3.4540892e-02
  1.7059248e+01 -6.1213970e-03]
[ 8.3599997e+00  7.7900000e+00  7.3200002e+00 ... -2.4941206e-02
  1.6401493e+01 -8.9671612e-03]
[ 3.0100000e+00  3.0400000e+00  3.0799999e+00 ...  9.7637177e-03
  1.6887527e+01 -1.5955448e-02]
[ 4.29        4.18        4.1        ... -0.02702945  6.824544
 -0.01436064]
[ 3.6199999e+00  3.4500000e+00  3.3099999e+00 ... -3.2896519e-02
  1.7046928e+01 -4.0144920e-03]
[ 2.5790001e+01  2.5270000e+01  4.2300000e+00 ... -2.5779702e-02
  9.6437817e+00 -2.4570890e-02]
[9.1999998e+00 1.1170000e+01 1.5550000e+01 ... 2.6196510e-02 5.8132463e+00
 9.0442002e-03]
[ 1.1200000e+00  1.1400000e+00  1.1500000e+00 ...  8.9476109e-03
  1.6879507e+01 -1.6366720e-02]
[ 7.22        6.67        6.21       ...  0.01912481  7.9227724
 -0.01014519]
[6.0999999e+00 6.3800001e+00 3.3500000e+01 ... 2.1971941e-02 1.3127949e+01
 8.6921602e-03]
[ 7.3099999e+00  6.8099999e+00  6.3899999e+00 ... -2.3102760e-02
  1.6394638e+01 -6.8311691e-03]
[3.5740002e+01 3.5820000e+01 3.6029999e+01 ... 1.1634827e-04 1.5981248e+01
 5.4528713e-03]
[ 4.8099999e+00  4.6100001e+00  4.4499998e+00 ... -2.1326929e-02
  5.9271922e+00  3.5846233e-04]
[ 5.0799999e+00  5.0599999e+00  5.0700002e+00 ... -1.2645967e-02
  1.2919481e+01  1.1682000e-02]
[ 3.6300001e+00  3.0599999e+00  2.6500001e+00 ... -7.4775219e-03
  1.6136621e+01  1.2951136e-02]
[ 6.9099998e+00  6.9400001e+00  6.9899998e+00 ... -2.7904510e-03
  1.6797070e+01  1.8563509e-02]
[ 1.5420000e+01  1.5270000e+01  1.5170000e+01 ...  1.5018553e-02
  7.4465575e+00 -7.9912245e-03]
[ 1.7100000e+01  1.7020000e+01  1.7010000e+01 ... -2.3612082e-03
  1.2469757e+01 -1.5570678e-02]
[5.1599998e+00 5.2300000e+00 5.3200002e+00 ... 2.0594150e-04 1.5600394e+01
 1.8613879e-02]
[ 9.0600004e+00  1.0980000e+01  1.5520000e+01 ...  1.9567788e-02
  8.9488516e+00 -1.9959211e-03]
[ 1.4570000e+01  1.2000000e+01  1.4540000e+01 ... -1.7311126e-03
  9.8660688e+00 -1.5680596e-02]
[ 4.04        4.07        4.11       ... -0.00733957  6.1493073
 -0.02297786]
[ 2.2200000e+00  2.0500000e+00  1.9000000e+00 ... -2.2632837e-02
  1.6376314e+01 -5.4948330e-03]
[ 1.7170000e+01  1.9750000e+01  2.3320000e+01 ...  7.2319508e-03
  1.6131945e+01 -1.3120413e-02]
[ 1.5190000e+01  1.5740000e+01  1.5920000e+01 ... -1.7574549e-02
  1.6267818e+01  3.7236214e-03]
[ 5.1399999e+00  5.0900002e+00  5.0599999e+00 ... -9.5947683e-03
  1.3719230e+01  1.4278159e-02]
[ 1.8370001e+01  1.8799999e+01  1.9320000e+01 ... -6.0628802e-03
  1.3449613e+01  4.9548149e-03]
[ 6.97        7.19        7.46       ...  0.01875734 16.605284
  0.02038598]
[ 3.4799999e+01  3.6959999e+01  3.9549999e+01 ...  1.7010599e-02
  1.5209931e+01 -2.0464510e-03]
[ 5.0799999e+00  5.0700002e+00  5.0799999e+00 ... -1.4872499e-02
  1.3423933e+01  1.0743756e-02]
[ 1.2650000e+01  1.6299999e+01  2.2910000e+01 ...  1.7905235e-04
  1.6030535e+01 -1.3533592e-02]
[ 4.14        4.07        4.02       ... -0.02184036  7.365235
 -0.0196175 ]
[ 6.1900001e+00  5.8000002e+00  5.4800000e+00 ... -2.1810725e-02
  1.5926376e+01 -3.0130446e-03]
[ 2.0480000e+01  2.0870001e+01  2.1350000e+01 ... -8.5558929e-03
  1.5928909e+01  6.9170501e-03]
[ 2.5080000e+01  2.4730000e+01  2.4480000e+01 ...  6.0391426e-04
  1.0472376e+01 -2.1293148e-02]
[1.61599998e+01 1.65599995e+01 1.70499992e+01 ... 3.48150730e-04
 9.89345741e+00 1.10207945e-02]
[ 6.3200002e+00  6.3200002e+00  6.3499999e+00 ... -6.1213970e-03
  1.6817356e+01  1.6980648e-02]
[ 1.5530000e+01  1.3370000e+01  1.1760000e+01 ... -8.9671612e-03
  1.6153439e+01  1.2071848e-02]
[ 3.4500000e+00  3.3499999e+00  3.2600000e+00 ... -1.5955448e-02
  1.6642790e+01 -2.1513700e-02]
[ 1.41599998e+01  1.33999996e+01  1.27600002e+01 ... -1.43606365e-02
  6.57670069e+00  8.91920924e-03]
[ 2.8199999e+00  2.8299999e+00  2.8499999e+00 ... -4.0144920e-03
  1.6804752e+01  1.8010378e-02]
[ 2.1120001e+01  3.3549999e+01  3.1799999e+01 ... -2.4570890e-02
  9.3938265e+00 -7.1618780e-03]
[ 2.9879999e+01  8.2680000e+01  8.3040001e+01 ...  9.0442002e-03
  5.5651188e+00 -1.3517141e-02]
[ 1.3500000e+00  1.3000000e+00  1.2600000e+00 ... -1.6366720e-02
  1.6634235e+01 -2.1444798e-02]
[ 4.02        4.02        4.04       ... -0.01014519  7.6787505
 -0.02294546]
[ 2.2320000e+01  2.1540001e+01  2.0870001e+01 ...  8.6921602e-03
  1.2878274e+01 -1.1612818e-02]
[ 1.4870000e+01  1.2620000e+01  1.0980000e+01 ... -6.8311691e-03
  1.6146549e+01  1.2570858e-02]
[3.5590000e+01 3.5570000e+01 3.5669998e+01 ... 5.4528713e-03 1.5732006e+01
 5.0454140e-03]
[1.7000000e+01 1.5760000e+01 1.4730000e+01 ... 3.5846233e-04 5.6787829e+00
 1.8400431e-02]
[5.8200002e+00 2.9320000e+01 3.0440001e+01 ... 1.1682000e-02 1.2669675e+01
 1.7534234e-02]
[1.3230000e+01 8.0100002e+00 5.7100000e+00 ... 1.2951136e-02 1.5887255e+01
 1.6928911e-02]
[ 8.25        8.59        8.99       ...  0.01856351 16.551683
  0.01892757]
[ 8.2809998e+01  1.5160000e+01  1.5320000e+01 ... -7.9912245e-03
  7.1979113e+00 -1.9620150e-02]
[ 1.6850000e+01  1.6920000e+01  1.7059999e+01 ... -1.5570678e-02
  1.2219792e+01 -1.4820337e-02]
[6.7900000e+00 3.4939999e+01 8.8000002e+00 ... 1.8613879e-02 1.5350960e+01
 1.5313726e-02]
[ 2.9820000e+01  8.2620003e+01  8.2970001e+01 ... -1.9959211e-03
  8.7003927e+00 -1.8163145e-02]
[14.4       14.5       14.64      ... -0.0156806  9.61611   -0.015791 ]
[ 4.39        4.29        4.2        ... -0.02297786  5.90315
 -0.01530364]
[ 4.7399998e+00  3.9500000e+00  3.3900001e+00 ... -5.4948330e-03
  1.6127853e+01  1.3447046e-02]
[ 3.6310001e+01  3.5959999e+01  3.5730000e+01 ... -1.3120413e-02
  1.5883007e+01 -1.6990423e-02]
[9.5100002e+00 7.3400002e+00 5.9699998e+00 ... 3.7236214e-03 1.6019150e+01
 1.7897367e-02]
[5.4800000e+00 5.8000002e+00 2.8299999e+01 ... 1.4278159e-02 1.3471178e+01
 1.7874479e-02]
[1.7480000e+01 1.7730000e+01 1.8040001e+01 ... 4.9548149e-03 1.3199612e+01
 4.7546625e-03]
[1.0130000e+01 1.0960000e+01 1.1990000e+01 ... 2.0385981e-02 1.6358213e+01
 3.9494038e-03]
[ 2.1040001e+01  2.0480000e+01  2.0000000e+01 ... -2.0464510e-03
  1.4959956e+01 -1.8731073e-02]
[5.9299998e+00 6.1500001e+00 6.4099998e+00 ... 1.0743756e-02 1.3174313e+01
 1.9203652e-02]
[ 2.8100000e+01  3.8369999e+01  3.8299999e+01 ... -1.3533592e-02
  1.5781436e+01 -1.1326075e-02]
[ 1.3310000e+01  1.2690000e+01  4.7800002e+00 ... -1.9617498e-02
  7.1178989e+00 -5.5536628e-04]
[ 2.1309999e+01  2.1900000e+01  2.2610001e+01 ... -3.0130446e-03
  1.5676383e+01  1.1433609e-02]
[1.9580000e+01 1.9709999e+01 1.9920000e+01 ... 6.9170501e-03 1.5678908e+01
 8.3100498e-03]
[ 3.4660000e+01  3.2770000e+01  3.1170000e+01 ... -2.1293148e-02
  1.0222642e+01 -2.3274079e-02]
[1.54499998e+01 1.57299995e+01 1.60699997e+01 ... 1.10207945e-02
 9.64428234e+00 9.13301110e-03]
[ 7.35        7.62        7.94       ...  0.01698065 16.572308
  0.01991892]
[3.8389999e+01 5.9189999e+01 3.9130001e+01 ... 1.2071848e-02 1.5904653e+01
 1.7612934e-02]
[ 5.3699999e+00  4.9499998e+00  4.6100001e+00 ... -2.1513700e-02
  1.6395979e+01 -7.2000027e-03]
[1.7370001e+01 1.8010000e+01 1.6969999e+01 ... 8.9192092e-03 6.3280287e+00
 1.9929349e-02]
[ 3.4         3.54        3.7        ...  0.01801038 16.559523
  0.0193193 ]
[ 1.675000e+01  1.722000e+01  1.777000e+01 ... -7.161878e-03  9.143831e+00
  7.948279e-03]
[ 1.5340000e+01  1.5580000e+01  1.5880000e+01 ... -1.3517141e-02
  5.3162889e+00 -1.9068331e-02]
[ 1.4120000e+01  1.4070000e+01  1.3110000e+01 ... -2.1444798e-02
  1.6386930e+01 -6.9227219e-03]
[ 4.62        4.48        4.35       ... -0.02294546  7.432396
 -0.01303601]
[ 1.9570000e+01  1.9219999e+01  1.8950001e+01 ... -1.1612818e-02
  1.2628307e+01 -1.8462852e-02]
[4.2889999e+01 6.3590000e+01 2.4389999e+01 ... 1.2570858e-02 1.5897738e+01
 1.6281366e-02]
[ 3.54300003e+01  3.53600006e+01  3.54000015e+01 ...  5.04541397e-03
  1.54824505e+01 -3.98397446e-04]
[1.6480000e+01 1.6959999e+01 1.7540001e+01 ... 1.8400431e-02 5.4297810e+00
 1.4569253e-02]
[2.2430000e+01 2.1459999e+01 2.0629999e+01 ... 1.7534234e-02 1.2419691e+01
 5.3853840e-03]
[3.5380001e+01 5.5570000e+01 1.8530001e+01 ... 1.6928911e-02 1.5637413e+01
 2.0222664e-03]
[1.2150000e+01 1.3280000e+01 1.4690000e+01 ... 1.8927574e-02 1.6304443e+01
 2.8100014e-03]
[ 1.5360000e+01  1.5640000e+01  1.5980000e+01 ... -1.9620150e-02
  6.9487486e+00 -8.5836649e-03]
[ 1.67700005e+01  1.69300003e+01  1.71499996e+01 ... -1.48203373e-02
  1.19698105e+01 -3.45855951e-03]
[ 2.1879999e+01  2.1260000e+01  2.0750000e+01 ...  1.5313726e-02
  1.5100969e+01 -1.7803907e-03]
[ 1.5140000e+01  1.5340000e+01  1.5600000e+01 ... -1.8163145e-02
  8.4513531e+00 -1.2802482e-02]
[ 1.4360000e+01  1.4530000e+01  1.4760000e+01 ... -1.5790999e-02
  9.3661299e+00 -4.8577040e-03]
[ 1.4030000e+01  1.3310000e+01  1.2700000e+01 ... -1.5303642e-02
  5.6554480e+00  4.5626760e-03]
[2.0990000e+01 1.1300000e+01 8.6700001e+00 ... 1.3447046e-02 1.5878686e+01
 1.5753746e-02]
[ 3.5490002e+01  3.5430000e+01  2.2200001e+01 ... -1.6990423e-02
  1.5633616e+01 -2.1965504e-03]
[3.7950001e+01 5.8299999e+01 1.5590000e+01 ... 1.7897367e-02 1.5769912e+01
 1.1085749e-02]
[3.4990002e+01 3.7150002e+01 2.1610001e+01 ... 1.7874479e-02 1.3221493e+01
 2.8042346e-03]
[ 1.7049999e+01  1.7209999e+01  1.7430000e+01 ...  4.7546625e-03
  1.2949613e+01 -3.7047118e-03]
[ 1.7920000e+01  2.1240000e+01  2.6160000e+01 ...  3.9494038e-03
  1.6109964e+01 -1.3146877e-02]
[ 1.9240000e+01  1.6100000e+01  1.8809999e+01 ... -1.8731073e-02
  1.4710019e+01 -1.8037811e-02]
[2.3620001e+01 2.2670000e+01 2.1870001e+01 ... 1.9203652e-02 1.2924340e+01
 8.5660778e-03]
[ 3.8119999e+01  3.8110001e+01  3.8230000e+01 ... -1.1326075e-02
  1.5531984e+01  2.7086735e-03]
[ 1.8010000e+01  1.7219999e+01  1.5950000e+01 ... -5.5536628e-04
  6.8695002e+00  1.6074628e-02]
[1.9780001e+01 2.0049999e+01 2.0400000e+01 ... 1.1433609e-02 1.5426395e+01
 1.0596186e-02]
[ 1.9320000e+01  1.9320000e+01  1.9389999e+01 ...  8.3100498e-03
  1.5428914e+01 -2.2335872e-03]
[ 1.5980000e+01  1.6400000e+01  1.6889999e+01 ... -2.3274079e-02
  9.9726906e+00 -8.9417696e-03]
[ 1.503000e+01  1.525000e+01  1.552000e+01 ...  9.133011e-03  9.394769e+00
 -2.273187e-03]
[1.0610000e+01 1.1520000e+01 1.2650000e+01 ... 1.9918919e-02 1.6325293e+01
 4.9786568e-03]
[3.80400009e+01 3.80099983e+01 1.70100002e+01 ... 1.76129341e-02
 1.56553955e+01 3.55005264e-03]
[ 1.0950000e+01  9.1599998e+00  7.8800001e+00 ... -7.2000027e-03
  1.6147890e+01  1.0902643e-02]
[1.585000e+01 1.623000e+01 1.668000e+01 ... 1.992935e-02 6.078848e+00
 8.051574e-03]
[5.0200000e+00 5.4899998e+00 6.0799999e+00 ... 1.9319296e-02 1.6312391e+01
 3.6017895e-03]
[1.549000e+01 1.569000e+01 1.596000e+01 ... 7.948279e-03 8.893845e+00
 9.374991e-03]
[ 1.5850000e+01  1.6250000e+01  1.6730000e+01 ... -1.9068331e-02
  5.0669980e+00 -3.2666922e-03]
[ 4.6199999e+00  3.8099999e+00  3.2500000e+00 ... -6.9227219e-03
  1.6138388e+01  1.1097908e-02]
[ 1.5480000e+01  1.4530000e+01  1.3730000e+01 ... -1.3036013e-02
  7.1845717e+00  6.6327155e-03]
[ 1.8650000e+01  1.8490000e+01  1.8400000e+01 ... -1.8462852e-02
  1.2378332e+01 -6.0715526e-03]
[4.2630001e+01 4.2560001e+01 4.2639999e+01 ... 1.6281366e-02 1.5648466e+01
 2.1641254e-03]
[ 3.5220001e+01  3.5139999e+01  3.5169998e+01 ... -3.9839745e-04
  1.5232706e+01 -5.0988197e-03]
[ 1.5580000e+01  1.5910000e+01  1.6320000e+01 ...  1.4569253e-02
  5.1803656e+00 -4.5631528e-03]
[ 1.8660000e+01  1.8270000e+01  1.7969999e+01 ...  5.3853840e-03
  1.2169695e+01 -1.0016125e-02]
[ 3.5340000e+01  3.5169998e+01  5.5360001e+01 ...  2.0222664e-03
  1.5387425e+01 -1.3728142e-02]
[ 2.1410000e+01  2.5790001e+01  3.2500000e+01 ...  2.8100014e-03
  1.6056072e+01 -1.3060570e-02]
[ 1.5570000e+01  1.5930000e+01  1.6379999e+01 ... -8.5836649e-03
  6.6992369e+00  1.0674119e-02]
[ 1.6610001e+01  1.6790001e+01  1.7040001e+01 ... -3.4585595e-03
  1.1719811e+01  6.8577006e-03]
[ 1.9700001e+01  1.9490000e+01  1.9340000e+01 ... -1.7803907e-03
  1.4850985e+01 -1.5138958e-02]
[ 1.5340000e+01  1.5640000e+01  1.6020000e+01 ... -1.2802482e-02
  8.2019157e+00  5.7194531e-03]
[ 1.4220000e+01  1.4410000e+01  1.4660000e+01 ... -4.8577040e-03
  9.1161327e+00  5.7198703e-03]
[1.7870001e+01 1.7400000e+01 1.6110001e+01 ... 4.5626760e-03 5.4068437e+00
 1.7309904e-02]
[4.22400017e+01 4.21599998e+01 2.65900002e+01 ... 1.57537460e-02
 1.56290655e+01 9.32931900e-04]
[ 3.5220001e+01  2.1690001e+01  3.5459999e+01 ... -2.1965504e-03
  1.5383947e+01  1.3354540e-02]
[ 3.7910000e+01  3.7770000e+01  2.1850000e+01 ...  1.1085749e-02
  1.5520286e+01 -6.7164898e-03]
[ 1.9000000e+01  1.8420000e+01  1.7940001e+01 ...  2.8042346e-03
  1.2971503e+01 -1.4038429e-02]
[ 1.6790001e+01  1.6920000e+01  1.7110001e+01 ... -3.7047118e-03
  1.2699628e+01 -1.1821687e-02]
[ 3.8230000e+01  3.7930000e+01  1.6510000e+01 ... -1.3146877e-02
  1.5861044e+01 -1.4326334e-02]
[ 1.8620001e+01  1.8510000e+01  1.8459999e+01 ... -1.8037811e-02
  1.4460040e+01 -3.9040744e-03]
[ 1.9900000e+01  1.9549999e+01  1.9280001e+01 ...  8.5660778e-03
  1.2674343e+01 -7.3152967e-03]
[3.78800011e+01 3.79199982e+01 3.80900002e+01 ... 2.70867348e-03
 1.52823267e+01 1.23922825e-02]
[1.6139999e+01 1.6559999e+01 1.7059999e+01 ... 1.6074628e-02 6.6204953e+00
 1.3693064e-02]
[ 1.9270000e+01  1.9400000e+01  1.9610001e+01 ...  1.0596186e-02
  1.5176397e+01 -1.0988712e-03]
[ 1.9139999e+01  1.9100000e+01  1.9120001e+01 ... -2.2335872e-03
  1.5178933e+01 -1.3261830e-02]
[ 1.4780000e+01  1.4890000e+01  1.5050000e+01 ... -8.9417696e-03
  9.7226944e+00  6.0305446e-03]
[ 1.4760000e+01  1.4960000e+01  1.5210000e+01 ... -2.2731870e-03
  9.1450577e+00 -1.0280505e-02]
[ 1.8270000e+01  2.1660000e+01  2.6690001e+01 ...  4.9786568e-03
  1.6077070e+01 -1.1779308e-02]
[ 3.8020000e+01  3.7840000e+01  3.7790001e+01 ...  3.5500526e-03
  1.5405841e+01 -1.2831211e-02]
[6.0560001e+01 2.3820000e+01 1.6600000e+01 ... 1.0902643e-02 1.5899066e+01
 1.5391111e-02]
[ 1.5250000e+01  1.5520000e+01  1.5870000e+01 ...  8.0515742e-03
  5.8293209e+00 -1.1421502e-02]
[ 8.8299999e+00  1.0600000e+01  1.3290000e+01 ...  3.6017895e-03
  1.6064106e+01 -1.2634039e-02]
[ 1.5050000e+01  1.5140000e+01  1.5290000e+01 ...  9.3749911e-03
  8.6438475e+00 -4.1677058e-04]
[ 1.6049999e+01  1.6520000e+01  1.7090000e+01 ... -3.2666922e-03
  4.8174162e+00  1.4836669e-02]
[1.8740000e+01 1.0250000e+01 7.0100002e+00 ... 1.1097908e-02 1.5889139e+01
 1.5311480e-02]
[1.6980000e+01 1.7549999e+01 1.8090000e+01 ... 6.6327155e-03 6.9359007e+00
 1.7061532e-02]
[ 1.8270000e+01  1.8190001e+01  1.8170000e+01 ... -6.0715526e-03
  1.2128337e+01  1.0190010e-02]
[ 4.2599998e+01  4.2410000e+01  4.2349998e+01 ...  2.1641254e-03
  1.5398898e+01 -1.2801170e-02]
[ 3.4970001e+01  3.4900002e+01  3.4950001e+01 ... -5.0988197e-03
  1.4982843e+01 -3.6923885e-03]
[ 1.5210000e+01  1.5500000e+01  1.5870000e+01 ... -4.5631528e-03
  4.9307261e+00 -1.6876787e-02]
[ 1.4170000e+01  1.7340000e+01  1.7260000e+01 ... -1.0016125e-02
  1.1919725e+01 -1.5623406e-02]
[ 3.5090000e+01  3.4939999e+01  5.5130001e+01 ... -1.3728142e-02
  1.5137428e+01 -1.2310028e-02]
[ 3.8049999e+01  3.7779999e+01  3.7630001e+01 ... -1.3060570e-02
  1.5807058e+01 -1.3298988e-02]
[1.5410000e+01 1.5780000e+01 1.6240000e+01 ... 1.0674119e-02 6.4495521e+00
 1.5743077e-02]
[1.6340000e+01 1.6510000e+01 1.6730000e+01 ... 6.8577006e-03 1.1469822e+01
 7.5342357e-03]
[ 1.9100000e+01  1.5780000e+01  1.9150000e+01 ... -1.5138958e-02
  1.4601007e+01 -1.3433855e-02]
[1.5250000e+01 1.5580000e+01 1.5980000e+01 ... 5.7194531e-03 7.9522662e+00
 1.5975356e-02]
[1.3940000e+01 1.4120000e+01 1.4360000e+01 ... 5.7198703e-03 8.8661346e+00
 7.3018819e-03]
[1.6250000e+01 1.6709999e+01 1.7260000e+01 ... 1.7309904e-02 5.1577072e+00
 1.0098368e-02]
[ 4.2200001e+01  4.2000000e+01  2.1420000e+01 ...  9.3293190e-04
  1.5379174e+01 -1.3369799e-02]
[3.4990002e+01 5.5290001e+01 3.5209999e+01 ... 1.3354540e-02 1.5134145e+01
 1.1507034e-02]
[ 3.778000e+01  3.759000e+01  3.753000e+01 ... -6.716490e-03  1.527045e+01
 -1.495719e-02]
[ 1.7260000e+01  1.6969999e+01  1.6740000e+01 ... -1.4038429e-02
  1.2721544e+01 -1.6057089e-02]
[ 1.6580000e+01  1.6719999e+01  1.6930000e+01 ... -1.1821687e-02
  1.2449663e+01 -1.3712183e-02]
[ 3.7590000e+01  3.7549999e+01  5.7919998e+01 ... -1.4326334e-02
  1.5611679e+01 -1.4162064e-04]
[ 1.8320000e+01  1.8250000e+01  1.8250000e+01 ... -3.9040744e-03
  1.4210044e+01  8.7567568e-03]
[ 1.8840000e+01  1.8760000e+01  1.8740000e+01 ... -7.3152967e-03
  1.2424365e+01 -1.4550090e-02]
[3.76599998e+01 3.76699982e+01 3.78100014e+01 ... 1.23922825e-02
 1.50325279e+01 6.51121140e-03]
[ 1.5380000e+01  1.5680000e+01  1.6040001e+01 ...  1.3693064e-02
  6.3710814e+00 -3.1133890e-03]
[ 1.9000000e+01  1.9100000e+01  1.9270000e+01 ... -1.0988712e-03
  1.4926406e+01 -1.1548050e-02]
[ 1.8889999e+01  1.8860001e+01  1.8900000e+01 ... -1.3261830e-02
  1.4928955e+01 -1.5877709e-02]
[1.4640000e+01 1.4580000e+01 1.4570000e+01 ... 6.0305446e-03 9.4727020e+00
 9.8501146e-03]
[ 1.4560000e+01  1.4770000e+01  1.5040000e+01 ... -1.0280505e-02
  8.8952332e+00 -5.4882318e-03]
[ 3.8910000e+01  3.8430000e+01  3.8250000e+01 ... -1.1779308e-02
  1.5828163e+01 -1.4208794e-02]
[ 3.7790001e+01  3.7610001e+01  3.7570000e+01 ... -1.2831211e-02
  1.5156137e+01 -1.2448549e-02]
[1.8490000e+01 3.9970001e+01 6.0330002e+01 ... 1.5391111e-02 1.5649775e+01
 2.9542446e-03]
[ 1.4980000e+01  1.5250000e+01  1.5580000e+01 ... -1.1421502e-02
  5.5796309e+00 -1.5777230e-02]
[ 1.9270000e+01  3.0680000e+01  3.7450001e+01 ... -1.2634039e-02
  1.5815165e+01 -1.3684750e-02]
[ 1.4800000e+01  1.4850000e+01  1.4970000e+01 ... -4.1677058e-04
  8.3938570e+00 -1.0787971e-02]
[1.5790000e+01 1.6260000e+01 1.6809999e+01 ... 1.4836669e-02 4.5676956e+00
 1.3866425e-02]
[3.6139999e+01 2.1660000e+01 2.0879999e+01 ... 1.5311480e-02 1.5639426e+01
 2.7780533e-03]
[1.5740000e+01 1.6100000e+01 1.6530001e+01 ... 1.7061532e-02 6.6867175e+00
 8.0170631e-03]
[1.8040001e+01 1.7959999e+01 1.7940001e+01 ... 1.0190010e-02 1.1878359e+01
 1.2761578e-02]
[ 4.2349998e+01  4.2169998e+01  4.2130001e+01 ... -1.2801170e-02
  1.5149186e+01 -1.1220694e-02]
[ 3.4709999e+01  3.4660000e+01  3.4730000e+01 ... -3.6923885e-03
  1.4732886e+01  1.9984245e-03]
[ 1.5070000e+01  1.5380000e+01  1.5770000e+01 ... -1.6876787e-02
  4.6809554e+00 -8.0257356e-03]
[ 1.7070000e+01  1.7059999e+01  1.7110001e+01 ... -1.5623406e-02
  1.1669749e+01 -9.1521889e-03]
[ 3.4750000e+01  3.4669998e+01  5.4950001e+01 ... -1.2310028e-02
  1.4887439e+01  2.4578571e-03]
[ 3.7459999e+01  3.7419998e+01  5.7779999e+01 ... -1.3298988e-02
  1.5557610e+01  6.0582161e-04]
[1.5010000e+01 1.5350000e+01 1.5750000e+01 ... 1.5743077e-02 6.1997404e+00
 1.8008053e-03]
[ 1.6040001e+01  1.6180000e+01  1.6370001e+01 ...  7.5342357e-03
  1.1219821e+01 -2.6428699e-04]
[ 1.8910000e+01  1.9010000e+01  1.9160000e+01 ... -1.3433855e-02
  1.4351018e+01 -1.0557622e-03]
[1.4910000e+01 1.5210000e+01 1.5580000e+01 ... 1.5975356e-02 7.7024875e+00
 6.3487291e-03]
[1.3630000e+01 1.3780000e+01 1.3990000e+01 ... 7.3018819e-03 8.6161356e+00
 2.9571354e-04]
[ 1.5560000e+01  1.5920000e+01  1.6350000e+01 ...  1.0098368e-02
  4.9082112e+00 -7.3824227e-03]
[ 4.1930000e+01  4.1759998e+01  2.0920000e+01 ... -1.3369799e-02
  1.5129185e+01 -1.0543585e-02]
[ 3.4779999e+01  3.4759998e+01  5.5150002e+01 ...  1.1507034e-02
  1.4884229e+01 -3.7198067e-03]
[ 3.7450001e+01  3.7320000e+01  5.7549999e+01 ... -1.4957190e-02
  1.5020489e+01 -4.7278404e-03]
[ 1.65699997e+01  1.63999996e+01  1.62900009e+01 ... -1.60570890e-02
  1.24715605e+01 -3.11075151e-03]
[ 1.6389999e+01  1.6559999e+01  1.6790001e+01 ... -1.3712183e-02
  1.2199691e+01 -9.9520385e-03]
[ 3.7330002e+01  3.7380001e+01  5.7910000e+01 ... -1.4162064e-04
  1.5362046e+01  1.2759447e-02]
[1.8120001e+01 1.8030001e+01 1.8010000e+01 ... 8.7567568e-03 1.3960052e+01
 8.8878274e-03]
[ 1.8559999e+01  1.8629999e+01  1.8760000e+01 ... -1.4550090e-02
  1.2174388e+01 -9.2694163e-03]
[ 3.7459999e+01  3.7410000e+01  3.7490002e+01 ...  6.5112114e-03
  1.4782629e+01 -6.6418648e-03]
[ 1.5040000e+01  1.5300000e+01  1.5620000e+01 ... -3.1133890e-03
  6.1214375e+00 -1.4964670e-02]
[ 1.87900009e+01  1.89099998e+01  1.91000004e+01 ... -1.15480497e-02
  1.46764345e+01 -1.24814510e-02]
[ 1.8629999e+01  1.8629999e+01  1.8700001e+01 ... -1.5877709e-02
  1.4678986e+01 -9.9330544e-03]
[1.4690000e+01 1.4540000e+01 1.4430000e+01 ... 9.8501146e-03 9.2227058e+00
 2.4401397e-03]
[ 1.439000e+01  1.461000e+01  1.490000e+01 ... -5.488232e-03  8.645325e+00
  5.610496e-03]
[ 3.8070000e+01  3.8009998e+01  5.8340000e+01 ... -1.4208794e-02
  1.5578809e+01 -1.2574196e-03]
[ 3.7439999e+01  3.7340000e+01  3.7369999e+01 ... -1.2448549e-02
  1.4906313e+01  2.4771690e-03]
[ 3.9950001e+01  3.9790001e+01  3.9759998e+01 ...  2.9542446e-03
  1.5400193e+01 -1.1399031e-02]
[ 1.4880000e+01  1.5170000e+01  1.5530000e+01 ... -1.5777230e-02
  5.3298135e+00 -1.1005402e-03]
[ 3.7279999e+01  3.7230000e+01  3.7310001e+01 ... -1.3684750e-02
  1.5565782e+01 -1.0013580e-04]
[ 1.4570000e+01  1.4640000e+01  1.4770000e+01 ... -1.0787971e-02
  8.1438818e+00 -1.3624959e-02]
[ 1.5330000e+01  1.5740000e+01  1.6230000e+01 ...  1.3866425e-02
  4.3178496e+00 -3.3861101e-03]
[ 3.6060001e+01  3.5910000e+01  5.6119999e+01 ...  2.7780533e-03
  1.5389455e+01 -1.1455536e-02]
[ 1.520000e+01  1.548000e+01  1.582000e+01 ...  8.017063e-03  6.437193e+00
 -8.830547e-03]
[1.7870001e+01 1.7760000e+01 1.7709999e+01 ... 1.2761578e-02 1.1628366e+01
 4.8936903e-04]
[ 4.1990002e+01  4.1889999e+01  4.1939999e+01 ... -1.1220694e-02
  1.4899354e+01  3.3609867e-03]
[3.4459999e+01 3.4419998e+01 3.4500000e+01 ... 1.9984245e-03 1.4482954e+01
 5.0854683e-03]
[ 1.5020000e+01  1.5370000e+01  1.5790000e+01 ... -8.0257356e-03
  4.4310737e+00  9.8758638e-03]
[ 1.6840000e+01  1.6879999e+01  1.6980000e+01 ... -9.1521889e-03
  1.1419757e+01  1.2714453e-03]
[3.4450001e+01 5.4660000e+01 1.7530001e+01 ... 2.4578571e-03 1.4637450e+01
 1.3034582e-02]
[3.7209999e+01 5.7490002e+01 5.7730000e+01 ... 6.0582161e-04 1.5307881e+01
 1.2468576e-02]
[ 1.4600000e+01  1.4890000e+01  1.5250000e+01 ...  1.8008053e-03
  5.9498448e+00 -1.3381481e-02]
[ 1.5760000e+01  1.5880000e+01  1.6059999e+01 ... -2.6428699e-04
  1.0969825e+01 -8.3353370e-03]
[ 1.8719999e+01  1.8840000e+01  1.9030001e+01 ... -1.0557622e-03
  1.4101027e+01  9.3989745e-03]
[ 1.4520000e+01  1.4780000e+01  1.5100000e+01 ...  6.3487291e-03
  7.4526048e+00 -1.0082066e-02]
[ 1.3350000e+01  1.3480000e+01  1.3660000e+01 ...  2.9571354e-04
  8.3661394e+00 -7.8088492e-03]
[ 1.5270000e+01  1.5600000e+01  1.6010000e+01 ... -7.3824227e-03
  4.6585259e+00 -1.5015721e-02]
[ 4.1580002e+01  4.1480000e+01  6.1779999e+01 ... -1.0543585e-02
  1.4879189e+01  4.1189194e-03]
[ 3.45900002e+01  3.45099983e+01  5.48100014e+01 ... -3.71980667e-03
  1.46342535e+01 -1.32653713e-02]
[ 3.7119999e+01  3.7060001e+01  5.7400002e+01 ... -4.7278404e-03
  1.4770493e+01  1.0226250e-02]
[ 1.6230000e+01  1.6100000e+01  1.6040001e+01 ... -3.1107515e-03
  1.2221567e+01  1.0303527e-02]
[ 1.6180000e+01  1.6370001e+01  1.6610001e+01 ... -9.9520385e-03
  1.1949706e+01 -5.3445697e-03]
[3.7110001e+01 3.7130001e+01 2.0780001e+01 ... 1.2759447e-02 1.5112288e+01
 9.3820095e-03]
[ 1.7959999e+01  1.7830000e+01  1.7780001e+01 ...  8.8878274e-03
  1.3710053e+01 -1.3466030e-03]
[ 1.8410000e+01  1.8540001e+01  1.8730000e+01 ... -9.2694163e-03
  1.1924393e+01  1.2127906e-03]
[ 3.7259998e+01  3.7169998e+01  3.7209999e+01 ... -6.6418648e-03
  1.4532693e+01 -1.0724306e-02]
[ 1.4880000e+01  1.5150000e+01  1.5490000e+01 ... -1.4964670e-02
  5.8716636e+00 -7.9962611e-03]
[ 1.8610001e+01  1.8760000e+01  1.8990000e+01 ... -1.2481451e-02
  1.4426451e+01 -5.1344112e-03]
[ 1.8370001e+01  1.8400000e+01  1.8500000e+01 ... -9.9330544e-03
  1.4428991e+01 -2.2622328e-03]
[ 1.4610000e+01  1.4420000e+01  1.4280000e+01 ...  2.4401397e-03
  8.9727087e+00 -7.0994645e-03]
[1.419000e+01 1.442000e+01 1.472000e+01 ... 5.610496e-03 8.395381e+00
 9.251341e-03]
[ 3.77999992e+01  3.78300018e+01  5.83199997e+01 ... -1.25741959e-03
  1.53291855e+01  1.17766857e-02]
[3.7130001e+01 3.7099998e+01 3.7189999e+01 ... 2.4771690e-03 1.4656425e+01
 1.3235092e-02]
[ 3.9709999e+01  1.7580000e+01  3.9540001e+01 ... -1.1399031e-02
  1.5150450e+01 -1.1023045e-02]
[ 1.4810000e+01  1.5130000e+01  1.5530000e+01 ... -1.1005402e-03
  5.0799127e+00  1.4067560e-02]
[ 3.7020000e+01  3.7049999e+01  3.7209999e+01 ... -1.0013580e-04
  1.5316153e+01  1.2240410e-02]
[ 1.4360000e+01  1.4460000e+01  1.4620000e+01 ... -1.3624959e-02
  7.8939033e+00 -8.7293386e-03]
[ 1.4890000e+01  1.5260000e+01  1.5700000e+01 ... -3.3861101e-03
  4.0679440e+00 -1.5592098e-02]
[ 3.5810001e+01  3.5680000e+01  5.5900002e+01 ... -1.1455536e-02
  1.5139471e+01 -1.1347294e-02]
[ 1.4940000e+01  1.5210000e+01  1.5530000e+01 ... -8.8305473e-03
  6.1874967e+00 -1.4021665e-02]
[ 1.7700001e+01  1.7559999e+01  1.7490000e+01 ...  4.8936903e-04
  1.1378373e+01 -1.1718988e-02]
[4.1689999e+01 4.1660000e+01 4.1770000e+01 ... 3.3609867e-03 1.4649450e+01
 1.2762070e-02]
[3.4209999e+01 3.4169998e+01 3.4250000e+01 ... 5.0854683e-03 1.4232960e+01
 1.7273426e-03]
[1.491000e+01 1.528000e+01 1.573000e+01 ... 9.875864e-03 4.181157e+00
 1.462546e-02]
[1.6610001e+01 1.6650000e+01 1.6740000e+01 ... 1.2714453e-03 1.1169762e+01
 6.5988675e-03]
[3.4200001e+01 5.4419998e+01 1.6370001e+01 ... 1.3034582e-02 1.4387476e+01
 7.5063705e-03]
[3.6990002e+01 3.6990002e+01 5.7439999e+01 ... 1.2468576e-02 1.5058049e+01
 8.5060596e-03]
[ 1.42900000e+01  1.45699997e+01  1.48999996e+01 ... -1.33814812e-02
  5.69992495e+00 -1.08887255e-02]
[ 1.5520000e+01  1.5640000e+01  1.5810000e+01 ... -8.3353370e-03
  1.0719833e+01 -9.7175837e-03]
[1.8469999e+01 1.8570000e+01 1.8730000e+01 ... 9.3989745e-03 1.3851022e+01
 8.9837164e-03]
[ 1.4200000e+01  1.4430000e+01  1.4730000e+01 ... -1.0082066e-02
  7.2026906e+00 -1.2881458e-02]
[ 1.310000e+01  1.323000e+01  1.341000e+01 ... -7.808849e-03  8.116155e+00
 -1.015988e-02]
[ 1.5160000e+01  1.5520000e+01  1.5950000e+01 ... -1.5015721e-02
  4.4087176e+00 -4.1809082e-03]
[4.1279999e+01 1.9959999e+01 2.0420000e+01 ... 4.1189194e-03 1.4629203e+01
 1.2798786e-02]
[ 3.4360001e+01  3.4270000e+01  5.4549999e+01 ... -1.3265371e-02
  1.4384259e+01 -5.6989193e-03]
[3.6840000e+01 3.6830002e+01 5.7230000e+01 ... 1.0226250e-02 1.4520529e+01
 1.1524439e-02]
[1.6010000e+01 1.5890000e+01 1.1790000e+01 ... 1.0303527e-02 1.1971583e+01
 1.0714486e-02]
[ 1.5930000e+01  1.6100000e+01  1.6340000e+01 ... -5.3445697e-03
  1.1699709e+01 -3.9374679e-03]
[ 1.4700000e+01  3.6869999e+01  5.7230000e+01 ...  9.3820095e-03
  1.4862420e+01 -4.7292709e-03]
[ 1.7780001e+01  1.7629999e+01  1.7549999e+01 ... -1.3466030e-03
  1.3460064e+01 -1.1047363e-02]
[1.8190001e+01 1.8309999e+01 1.8510000e+01 ... 1.2127906e-03 1.1674401e+01
 7.4614249e-03]
[ 3.7009998e+01  3.6919998e+01  3.6970001e+01 ... -1.0724306e-02
  1.4282725e+01 -1.3628006e-03]
[ 1.479000e+01  1.509000e+01  1.546000e+01 ... -7.996261e-03  5.621783e+00
  8.048385e-03]
[ 1.8410000e+01  1.8580000e+01  1.8830000e+01 ... -5.1344112e-03
  1.4176451e+01  2.8026551e-03]
[ 1.8120001e+01  1.8150000e+01  1.8250000e+01 ... -2.2622328e-03
  1.4179001e+01  6.6768378e-04]
[ 1.4350000e+01  1.4170000e+01  1.4040000e+01 ... -7.0994645e-03
  8.7227249e+00 -1.0297909e-02]
[1.3930000e+01 1.4160000e+01 1.4440000e+01 ... 9.2513412e-03 8.1454086e+00
 1.2680143e-03]
[3.7580002e+01 3.7590000e+01 2.0500000e+01 ... 1.1776686e-02 1.5079431e+01
 9.7560883e-03]
[3.6869999e+01 3.6860001e+01 3.6970001e+01 ... 1.3235092e-02 1.4406509e+01
 6.7763329e-03]
[ 3.9380001e+01  3.9299999e+01  3.9349998e+01 ... -1.1023045e-02
  1.4900596e+01  2.2535324e-03]
[1.4630000e+01 1.4970000e+01 1.5380000e+01 ... 1.4067560e-02 4.8299870e+00
 1.0818571e-02]
[3.6799999e+01 3.6799999e+01 3.6939999e+01 ... 1.2240410e-02 1.5066382e+01
 8.9941025e-03]
[ 1.4150000e+01  1.4270000e+01  1.4440000e+01 ... -8.7293386e-03
  7.6439114e+00 -1.9504577e-03]
[ 1.4610000e+01  1.4960000e+01  1.5390000e+01 ... -1.5592098e-02
  3.8180096e+00 -7.7129900e-03]
[ 3.5490002e+01  3.5419998e+01  5.5720001e+01 ... -1.1347294e-02
  1.4889477e+01  1.2068748e-03]
[ 1.4820000e+01  1.5100000e+01  1.5460000e+01 ... -1.4021665e-02
  5.9376769e+00 -2.1638870e-03]
[ 1.7490000e+01  1.7340000e+01  1.7250000e+01 ... -1.1718988e-02
  1.1128393e+01 -9.8300725e-03]
[4.1439999e+01 4.1410000e+01 4.1540001e+01 ... 1.2762070e-02 1.4399516e+01
 5.6817532e-03]
[ 3.3980000e+01  3.3919998e+01  3.3980000e+01 ...  1.7273426e-03
  1.3982959e+01 -3.7379265e-03]
[1.4640000e+01 1.5000000e+01 1.5430000e+01 ... 1.4625460e-02 3.9311969e+00
 1.2414157e-03]
[1.6370001e+01 1.6379999e+01 1.6450001e+01 ... 6.5988675e-03 1.0919771e+01
 3.8091280e-03]
[ 3.3980000e+01  3.3930000e+01  5.4270000e+01 ...  7.5063705e-03
  1.4137482e+01 -5.9845448e-03]
[ 3.6799999e+01  3.6740002e+01  5.7070000e+01 ...  8.5060596e-03
  1.4808111e+01 -5.1560402e-03]
[ 1.41000004e+01  1.43800001e+01  1.47200003e+01 ... -1.08887255e-02
  5.44995737e+00  4.73853946e-03]
[ 1.5300000e+01  1.5430000e+01  1.5610000e+01 ... -9.7175837e-03
  1.0469846e+01 -4.1167215e-03]
[ 1.820000e+01  1.826000e+01  1.839000e+01 ...  8.983716e-03  1.360103e+01
 -6.662682e-05]
[ 1.3980000e+01  1.4210000e+01  1.4510000e+01 ... -1.2881458e-02
  6.9527345e+00  2.3484230e-04]
[ 1.2880000e+01  1.3030000e+01  1.3220000e+01 ... -1.0159880e-02
  7.8661656e+00 -5.6413263e-03]
[ 1.5100000e+01  1.5490000e+01  1.5950000e+01 ... -4.1809082e-03
  4.1588178e+00  1.1226416e-02]
[4.1029999e+01 1.9450001e+01 1.9740000e+01 ... 1.2798786e-02 1.4379226e+01
 5.5780411e-03]
[ 3.4070000e+01  3.4020000e+01  5.4349998e+01 ... -5.6989193e-03
  1.4134262e+01  8.2640648e-03]
[ 3.66100006e+01  3.65800018e+01  5.69500008e+01 ...  1.15244389e-02
  1.42705345e+01 -9.86576080e-04]
[ 1.5860000e+01  1.5700000e+01  1.5610000e+01 ...  1.0714486e-02
  1.1721589e+01 -5.1108003e-04]
[ 1.5640000e+01  1.5800000e+01  1.6020000e+01 ... -3.9374679e-03
  1.1449715e+01 -6.1248094e-03]
[ 3.67200012e+01  3.66300011e+01  3.66599998e+01 ... -4.72927094e-03
  1.46124878e+01 -1.20539665e-02]
[ 1.7520000e+01  1.7379999e+01  1.7299999e+01 ... -1.1047363e-02
  1.3210092e+01 -1.1574686e-02]
[1.7910000e+01 1.8010000e+01 1.8170000e+01 ... 7.4614249e-03 1.1424423e+01
 5.4927692e-03]
[ 3.6720001e+01  3.6680000e+01  3.6750000e+01 ... -1.3628006e-03
  1.4032732e+01  9.1707706e-03]
[1.4650000e+01 1.4970000e+01 1.5360000e+01 ... 8.0483854e-03 5.3718638e+00
 1.3276547e-02]
[1.81499996e+01 1.83199997e+01 1.85499992e+01 ... 2.80265510e-03
 1.39264555e+01 4.94304299e-03]
[ 1.7879999e+01  1.7889999e+01  1.7959999e+01 ...  6.6768378e-04
  1.3929011e+01 -2.3977160e-03]
[ 1.4010000e+01  1.3860000e+01  1.3760000e+01 ... -1.0297909e-02
  8.4727335e+00 -5.5188984e-03]
[ 1.3640000e+01  1.3850000e+01  1.4120000e+01 ...  1.2680143e-03
  7.8954110e+00 -8.0205053e-03]
[ 1.4900000e+01  3.7330002e+01  5.7680000e+01 ...  9.7560883e-03
  1.4829560e+01 -3.5481453e-03]
[ 3.6650002e+01  3.6599998e+01  3.6680000e+01 ...  6.7763329e-03
  1.4156554e+01 -7.4796677e-03]
[3.90900002e+01 3.90600014e+01 5.94599991e+01 ... 2.25353241e-03
 1.46506815e+01 1.18551254e-02]
[ 1.4320000e+01  1.4630000e+01  1.5020000e+01 ...  1.0818571e-02
  4.5800109e+00 -5.4174662e-03]
[ 3.6599998e+01  3.6549999e+01  3.6619999e+01 ...  8.9941025e-03
  1.4816504e+01 -4.5642853e-03]
[ 1.3900000e+01  1.4010000e+01  1.4180000e+01 ... -1.9504577e-03
  7.3939066e+00  1.0853410e-03]
[ 1.4460000e+01  1.4830000e+01  1.5270000e+01 ... -7.7129900e-03
  3.5680263e+00  9.3697608e-03]
[3.5200001e+01 5.5410000e+01 1.8540001e+01 ... 1.2068748e-03 1.4639479e+01
 1.1241913e-02]
[ 1.4710000e+01  1.5030000e+01  1.5410000e+01 ... -2.1638870e-03
  5.6877732e+00  1.1673987e-02]
[ 1.7200001e+01  1.7070000e+01  1.6990000e+01 ... -9.8300725e-03
  1.0878398e+01  2.7871877e-03]
[ 4.1220001e+01  4.1160000e+01  4.1240002e+01 ...  5.6817532e-03
  1.4149565e+01 -7.8630447e-03]
[ 3.3740002e+01  3.3680000e+01  3.3730000e+01 ... -3.7379265e-03
  1.3732957e+01 -4.3613911e-03]
[ 1.4270000e+01  1.4600000e+01  1.5000000e+01 ...  1.2414157e-03
  3.6812067e+00 -1.3219863e-02]
[ 1.6139999e+01  1.6129999e+01  1.6170000e+01 ...  3.8091280e-03
  1.0669768e+01 -2.9551461e-03]
[ 3.3779999e+01  3.3689999e+01  5.3959999e+01 ... -5.9845448e-03
  1.3887501e+01 -1.1748791e-02]
[ 3.66100006e+01  3.65000000e+01  5.67700005e+01 ... -5.15604019e-03
  1.45581236e+01 -1.15664005e-02]
[1.3960000e+01 1.4260000e+01 1.4620000e+01 ... 4.7385395e-03 5.1999793e+00
 1.3697565e-02]
[ 1.5070000e+01  1.5210000e+01  1.5410000e+01 ... -4.1167215e-03
  1.0219847e+01  2.7377680e-03]
[ 1.3490000e+01  1.7990000e+01  1.8100000e+01 ... -6.6626817e-05
  1.3351031e+01 -8.3887018e-03]
[1.3810000e+01 1.4060000e+01 1.4370000e+01 ... 2.3484230e-04 6.7027555e+00
 1.2390345e-02]
[ 1.2660000e+01  1.2810000e+01  1.3010000e+01 ... -5.6413263e-03
  7.6161671e+00  1.2028217e-03]
[1.4950000e+01 1.5350000e+01 1.5820000e+01 ... 1.1226416e-02 3.9088864e+00
 1.1975259e-02]
[ 4.0810001e+01  4.0750000e+01  2.5650000e+01 ...  5.5780411e-03
  1.4129228e+01 -7.5421333e-03]
[3.3790001e+01 3.3779999e+01 5.4180000e+01 ... 8.2640648e-03 1.3884250e+01
 1.0953665e-02]
[ 3.64099998e+01  3.63300018e+01  5.66300011e+01 ... -9.86576080e-04
  1.40205393e+01 -1.15151405e-02]
[ 1.5690000e+01  1.5520000e+01  1.5400000e+01 ... -5.1108003e-04
  1.1471599e+01 -1.0198981e-02]
[ 1.5370000e+01  1.5510000e+01  1.5720000e+01 ... -6.1248094e-03
  1.1199731e+01 -9.4278455e-03]
[ 3.64799995e+01  3.63800011e+01  3.64199982e+01 ... -1.20539665e-02
  1.43625231e+01 -3.99422646e-03]
[ 1.7219999e+01  1.7100000e+01  1.7040001e+01 ... -1.1574686e-02
  1.2960106e+01 -3.7545860e-03]
[ 1.7639999e+01  1.7709999e+01  1.7840000e+01 ...  5.4927692e-03
  1.1174423e+01 -1.2190342e-03]
[3.6450001e+01 3.6430000e+01 3.6540001e+01 ... 9.1707706e-03 1.3782707e+01
 7.4765682e-03]
[1.4390000e+01 1.4700000e+01 1.5080000e+01 ... 1.3276547e-02 5.1219058e+00
 1.9128621e-03]
[1.7860001e+01 1.8000000e+01 1.8209999e+01 ... 4.9430430e-03 1.3676454e+01
 8.0199540e-04]
[ 1.7629999e+01  1.7629999e+01  1.7680000e+01 ... -2.3977160e-03
  1.3679011e+01 -7.6591466e-03]
[ 1.3700000e+01  1.3570000e+01  1.3490000e+01 ... -5.5188984e-03
  8.2227373e+00  2.3676604e-03]
[ 1.3360000e+01  1.3560000e+01  1.3810000e+01 ... -8.0205053e-03
  7.6454210e+00 -6.7266375e-03]
[ 3.7200001e+01  3.7099998e+01  3.7119999e+01 ... -3.5481453e-03
  1.4579625e+01 -1.1608839e-02]
[ 3.6450001e+01  3.6360001e+01  3.6389999e+01 ... -7.4796677e-03
  1.3906591e+01 -1.1382103e-02]
[3.8830002e+01 3.8820000e+01 5.9240002e+01 ... 1.1855125e-02 1.4400736e+01
 6.0770512e-03]
[ 1.3960000e+01  1.4250000e+01  1.4600000e+01 ... -5.4174662e-03
  4.3300271e+00 -1.4153689e-02]
[ 3.6410000e+01  3.6310001e+01  3.6330002e+01 ... -4.5642853e-03
  1.4566572e+01 -1.1610985e-02]
[ 1.3620000e+01  1.3720000e+01  1.3870000e+01 ...  1.0853410e-03
  7.1439033e+00 -8.3597749e-04]
[1.43500004e+01 1.47399998e+01 1.51999998e+01 ... 9.36976075e-03
 3.31804848e+00 1.40532255e-02]
[3.4950001e+01 5.5169998e+01 1.7540001e+01 ... 1.1241913e-02 1.4389504e+01
 7.2956085e-03]
[1.4530000e+01 1.4850000e+01 1.5240000e+01 ... 1.1673987e-02 5.4378409e+00
 1.0206819e-02]
[1.68999996e+01 1.67900009e+01 1.67399998e+01 ... 2.78718770e-03
 1.06284075e+01 1.14593655e-02]
[ 4.1020000e+01  4.0919998e+01  4.0950001e+01 ... -7.8630447e-03
  1.3899595e+01 -1.0630608e-02]
[ 3.3490002e+01  3.3430000e+01  3.3480000e+01 ... -4.3613911e-03
  1.3482953e+01  4.7683716e-04]
[ 1.3930000e+01  1.4240000e+01  1.4610000e+01 ... -1.3219863e-02
  3.4312279e+00 -1.0372758e-02]
[ 1.5890000e+01  1.5880000e+01  1.5910000e+01 ... -2.9551461e-03
  1.0419774e+01 -7.4485950e-03]
[ 3.3540001e+01  3.3439999e+01  5.3700001e+01 ... -1.1748791e-02
  1.3637518e+01 -3.7190914e-03]
[ 3.63600006e+01  3.62599983e+01  3.62799988e+01 ... -1.15664005e-02
  1.43081303e+01 -3.32093239e-03]
[1.3760000e+01 1.4070000e+01 1.4440000e+01 ... 1.3697565e-02 4.9499955e+00
 5.0238967e-03]
[1.482000e+01 1.495000e+01 1.515000e+01 ... 2.737768e-03 9.969847e+00
 5.110264e-03]
[ 1.2920000e+01  1.7740000e+01  1.7850000e+01 ... -8.3887018e-03
  1.3101055e+01 -8.5674562e-03]
[1.3620000e+01 1.3890000e+01 1.4210000e+01 ... 1.2390345e-02 6.4527788e+00
 8.2000494e-03]
[1.2410000e+01 1.2560000e+01 1.2760000e+01 ... 1.2028217e-03 7.3661690e+00
 5.3741634e-03]
[ 1.4650000e+01  1.5030000e+01  1.5490000e+01 ...  1.1975259e-02
  3.6589112e+00 -1.9587576e-03]
[ 4.06100006e+01  4.05099983e+01  6.07799988e+01 ... -7.54213333e-03
  1.38792515e+01 -1.08473301e-02]
[3.35400009e+01 3.35299988e+01 5.39399986e+01 ... 1.09536648e-02
 1.36342535e+01 5.43594360e-05]
[ 3.61899986e+01  3.60900002e+01  1.84200001e+01 ... -1.15151405e-02
  1.37705603e+01 -7.28607178e-03]
[ 1.5460000e+01  1.5280000e+01  1.5160000e+01 ... -1.0198981e-02
  1.1221609e+01 -6.8711340e-03]
[ 1.51199999e+01  1.52600002e+01  1.54600000e+01 ... -9.42784548e-03
  1.09497499e+01 -1.12930685e-02]
[ 3.6189999e+01  3.6130001e+01  5.6470001e+01 ... -3.9942265e-03
  1.4112532e+01  8.4617138e-03]
[ 1.6930000e+01  1.6830000e+01  1.6790001e+01 ... -3.7545860e-03
  1.2710105e+01  4.3317676e-03]
[ 1.7389999e+01  1.7450001e+01  1.7570000e+01 ... -1.2190342e-03
  1.0924429e+01 -6.3256584e-03]
[ 3.6209999e+01  3.6180000e+01  3.6279999e+01 ...  7.4765682e-03
  1.3532717e+01 -3.3800602e-03]
[ 1.4050000e+01  1.4340000e+01  1.4690000e+01 ...  1.9128621e-03
  4.8719172e+00 -1.1362493e-02]
[ 1.7580000e+01  1.7709999e+01  1.7900000e+01 ...  8.0199540e-04
  1.3426455e+01 -4.9329400e-03]
[ 1.7389999e+01  1.7379999e+01  1.7430000e+01 ... -7.6591466e-03
  1.3429036e+01 -1.0537956e-02]
[1.3450000e+01 1.3320000e+01 1.3240000e+01 ... 2.3676604e-03 7.9727402e+00
 7.6905340e-03]
[ 1.3120000e+01  1.3320000e+01  1.3560000e+01 ... -6.7266375e-03
  7.3954253e+00  2.9229224e-03]
[ 3.6959999e+01  3.6849998e+01  3.6869999e+01 ... -1.1608839e-02
  1.4329662e+01 -4.7495365e-03]
[ 3.6220001e+01  3.6110001e+01  3.6130001e+01 ... -1.1382103e-02
  1.3656612e+01 -9.4103813e-04]
[ 1.560000e+01  3.857000e+01  5.893000e+01 ...  6.077051e-03  1.415076e+01
 -6.759405e-03]
[ 1.3670000e+01  1.3940000e+01  1.4270000e+01 ... -1.4153689e-02
  4.0800452e+00 -4.7685504e-03]
[ 3.6169998e+01  3.6070000e+01  3.6090000e+01 ... -1.1610985e-02
  1.4316607e+01 -3.8480759e-03]
[ 1.335000e+01  1.344000e+01  1.357000e+01 ... -8.359775e-04  6.893901e+00
 -4.732780e-03]
[1.41300001e+01 1.45200005e+01 1.49799995e+01 ... 1.40532255e-02
 3.06806040e+00 1.14196539e-03]
[ 3.4730000e+01  3.4680000e+01  5.5040001e+01 ...  7.2956085e-03
  1.4139508e+01 -4.6164989e-03]
[ 1.4230000e+01  1.4540000e+01  1.4910000e+01 ...  1.0206819e-02
  5.1878648e+00 -3.6579072e-03]
[1.66299992e+01 1.65300007e+01 1.64899998e+01 ... 1.14593655e-02
 1.03784170e+01 6.36297464e-03]
[ 4.0790001e+01  4.0669998e+01  1.7490000e+01 ... -1.0630608e-02
  1.3649613e+01 -7.7247620e-05]
[3.3230000e+01 3.3180000e+01 3.3240002e+01 ... 4.7683716e-04 1.3232941e+01
 4.6734810e-03]
[ 1.3710000e+01  1.4010000e+01  1.4380000e+01 ... -1.0372758e-02
  3.1812305e+00  5.1974356e-03]
[ 1.5640000e+01  1.5630000e+01  1.5670000e+01 ... -7.4485950e-03
  1.0169795e+01 -6.5408349e-03]
[ 3.3250000e+01  3.3180000e+01  5.3490002e+01 ... -3.7190914e-03
  1.3387517e+01  7.7567101e-03]
[ 3.6070000e+01  3.6000000e+01  5.6320000e+01 ... -3.3209324e-03
  1.4058135e+01  8.4648132e-03]
[ 1.3460000e+01  1.3750000e+01  1.4100000e+01 ...  5.0238967e-03
  4.7000031e+00 -9.5747411e-03]
[1.4550000e+01 1.4670000e+01 1.4850000e+01 ... 5.1102638e-03 9.7198448e+00
 1.7553344e-03]
[ 1.7450001e+01  1.7520000e+01  1.7650000e+01 ... -8.5674562e-03
  1.2851054e+01 -1.4920868e-03]
[ 1.3350000e+01  1.3610000e+01  1.3920000e+01 ...  8.2000494e-03
  6.2027802e+00 -5.9214234e-03]
[1.2140000e+01 1.2280000e+01 1.2460000e+01 ... 5.3741634e-03 7.1161718e+00
 5.7676136e-03]
[ 1.4280000e+01  1.4640000e+01  1.5060000e+01 ... -1.9587576e-03
  3.4089227e+00 -1.3108581e-02]
[ 4.0369999e+01  4.0259998e+01  6.0529999e+01 ... -1.0847330e-02
  1.3629258e+01 -1.2760162e-03]
[ 3.3310001e+01  3.3279999e+01  5.3630001e+01 ...  5.4359436e-05
  1.3384268e+01 -1.0279417e-02]
[ 3.5930000e+01  3.5830002e+01  5.6119999e+01 ... -7.2860718e-03
  1.3520561e+01  5.2168369e-03]
[ 1.5160000e+01  1.5000000e+01  1.4890000e+01 ... -6.8711340e-03
  1.0971612e+01  5.7244450e-03]
[ 1.48900003e+01  1.50400000e+01  1.52399998e+01 ... -1.12930685e-02
  1.06997805e+01 -1.10683590e-02]
[3.5910000e+01 3.5889999e+01 5.6279999e+01 ... 8.4617138e-03 1.3862568e+01
 9.4432831e-03]
[1.6680000e+01 1.6580000e+01 1.6540001e+01 ... 4.3317676e-03 1.2460110e+01
 5.6558847e-03]
[ 1.7139999e+01  1.7209999e+01  1.7340000e+01 ... -6.3256584e-03
  1.0674431e+01 -6.1184838e-03]
[ 3.5980000e+01  3.5930000e+01  3.6000000e+01 ... -3.3800602e-03
  1.3282721e+01 -9.4611645e-03]
[ 1.3730000e+01  1.4000000e+01  1.4320000e+01 ... -1.1362493e-02
  4.6219354e+00 -9.6363127e-03]
[ 1.7330000e+01  1.7459999e+01  1.7650000e+01 ... -4.9329400e-03
  1.3176462e+01 -7.3264465e-03]
[ 1.7129999e+01  1.7129999e+01  1.7200001e+01 ... -1.0537956e-02
  1.3179067e+01 -9.3814079e-03]
[1.3240000e+01 1.3100000e+01 1.3010000e+01 ... 7.6905340e-03 7.7227497e+00
 8.7020844e-03]
[1.2900000e+01 1.3110000e+01 1.3360000e+01 ... 2.9229224e-03 7.1454320e+00
 8.5860342e-03]
[ 3.6669998e+01  3.6599998e+01  3.6650002e+01 ... -4.7495365e-03
  1.4079672e+01  7.5142384e-03]
[ 3.5930000e+01  3.5860001e+01  3.5910000e+01 ... -9.4103813e-04
  1.3406629e+01  1.0083437e-02]
[ 3.8400002e+01  3.8320000e+01  3.8360001e+01 ... -6.7594051e-03
  1.3900768e+01 -1.0301590e-02]
[ 1.3470000e+01  1.3750000e+01  1.4090000e+01 ... -4.7685504e-03
  3.8300471e+00  1.0254145e-02]
[ 3.5880001e+01  3.5820000e+01  3.5869999e+01 ... -3.8480759e-03
  1.4066612e+01  8.1729889e-03]
[ 1.3100000e+01  1.3180000e+01  1.3310000e+01 ... -4.7327802e-03
  6.6439075e+00 -6.8013445e-03]
[ 1.3780000e+01  1.4150000e+01  1.4580000e+01 ...  1.1419654e-03
  2.8180692e+00 -1.3064563e-02]
[ 3.4509998e+01  3.4439999e+01  5.4730000e+01 ... -4.6164989e-03
  1.3889509e+01 -1.0558605e-02]
[ 1.3890000e+01  1.4170000e+01  1.4520000e+01 ... -3.6579072e-03
  4.9378777e+00 -1.2389421e-02]
[ 1.6410000e+01  1.6299999e+01  1.6240000e+01 ...  6.3629746e-03
  1.0128419e+01 -4.9994737e-03]
[ 4.0500000e+01  4.0419998e+01  1.7040001e+01 ... -7.7247620e-05
  1.3399633e+01  1.0006905e-02]
[3.2970001e+01 3.2930000e+01 3.3000000e+01 ... 4.6734810e-03 1.2982909e+01
 2.9175282e-03]
[1.3550000e+01 1.3870000e+01 1.4260000e+01 ... 5.1974356e-03 2.9312463e+00
 1.3935119e-02]
[ 1.5380000e+01  1.5390000e+01  1.5440000e+01 ... -6.5408349e-03
  9.9197941e+00 -2.0202473e-03]
[3.2970001e+01 1.7250000e+01 5.3290001e+01 ... 7.7567101e-03 1.3137522e+01
 9.4347000e-03]
[3.5790001e+01 3.5759998e+01 5.6130001e+01 ... 8.4648132e-03 1.3808171e+01
 8.9230537e-03]
[ 1.3130000e+01  1.3390000e+01  1.3710000e+01 ... -9.5747411e-03
  4.4500217e+00 -1.1421055e-02]
[ 1.4280000e+01  1.4390000e+01  1.4560000e+01 ...  1.7553344e-03
  9.4698439e+00 -3.2828525e-03]
[ 1.7209999e+01  1.7290001e+01  1.7430000e+01 ... -1.4920868e-03
  1.2601055e+01  5.6104623e-03]
[ 1.3030000e+01  1.3260000e+01  1.3550000e+01 ... -5.9214234e-03
  5.9527926e+00 -1.1924058e-02]
[1.1870000e+01 1.1990000e+01 1.2170000e+01 ... 5.7676136e-03 6.8661895e+00
 6.7151636e-03]
[ 1.3970000e+01  1.4300000e+01  1.4710000e+01 ... -1.3108581e-02
  3.1589360e+00 -7.3311031e-03]
[ 4.0080002e+01  4.0000000e+01  6.0320000e+01 ... -1.2760162e-03
  1.3379260e+01  9.1311932e-03]
[ 3.3090000e+01  3.3020000e+01  5.3330002e+01 ... -1.0279417e-02
  1.3134286e+01 -7.0095062e-03]
[3.5630001e+01 3.5580002e+01 5.5919998e+01 ... 5.2168369e-03 1.3270558e+01
 1.0532856e-02]
[1.4860000e+01 1.4710000e+01 1.4630000e+01 ... 5.7244450e-03 1.0721686e+01
 1.3089731e-02]
[ 1.4650000e+01  1.4810000e+01  1.5020000e+01 ... -1.1068359e-02
  1.0449805e+01 -9.8680109e-03]
[ 3.5660000e+01  3.5639999e+01  5.6040001e+01 ...  9.4432831e-03
  1.3612566e+01 -1.3158321e-03]
[1.6469999e+01 1.6350000e+01 1.6299999e+01 ... 5.6558847e-03 1.2210111e+01
 3.3333898e-05]
[ 1.6910000e+01  1.6990000e+01  1.7139999e+01 ... -6.1184838e-03
  1.0424435e+01 -1.8628761e-03]
[ 3.5750000e+01  3.5680000e+01  3.5730000e+01 ... -9.4611645e-03
  1.3032723e+01 -3.3259392e-03]
[ 1.3490000e+01  1.3760000e+01  1.4080000e+01 ... -9.6363127e-03
  4.3719406e+00  3.9512515e-03]
[ 1.7100000e+01  1.7240000e+01  1.7440001e+01 ... -7.3264465e-03
  1.2926468e+01 -5.0220713e-03]
[ 1.6879999e+01  1.6889999e+01  1.6959999e+01 ... -9.3814079e-03
  1.2929078e+01 -6.0807355e-03]
[1.3030000e+01 1.2890000e+01 1.2790000e+01 ... 8.7020844e-03 7.4727592e+00
 8.0866367e-03]
[1.2680000e+01 1.2880000e+01 1.3140000e+01 ... 8.5860342e-03 6.8954382e+00
 3.1446218e-03]
[3.6389999e+01 3.6349998e+01 5.6720001e+01 ... 7.5142384e-03 1.3829698e+01
 9.5603466e-03]
[3.5650002e+01 3.5610001e+01 3.5689999e+01 ... 1.0083437e-02 1.3156626e+01
 7.6344013e-03]
[ 3.8169998e+01  3.8070000e+01  3.8110001e+01 ... -1.0301590e-02
  1.3650774e+01 -8.3303452e-04]
[1.3310000e+01 1.3600000e+01 1.3950000e+01 ... 1.0254145e-02 3.5800653e+00
 1.1733592e-02]
[3.5599998e+01 3.5570000e+01 3.5660000e+01 ... 8.1729889e-03 1.3816643e+01
 9.1593266e-03]
[ 1.2860000e+01  1.2950000e+01  1.3080000e+01 ... -6.8013445e-03
  6.3939128e+00 -5.4100603e-03]
[ 1.3440000e+01  1.3770000e+01  1.4170000e+01 ... -1.3064563e-02
  2.5680912e+00 -1.0387510e-02]
[ 3.4279999e+01  3.4189999e+01  5.4470001e+01 ... -1.0558605e-02
  1.3639515e+01 -3.9825439e-03]
[ 1.3600000e+01  1.3870000e+01  1.4190000e+01 ... -1.2389421e-02
  4.6878896e+00 -5.1312149e-03]
[ 1.6200001e+01  1.6080000e+01  1.6010000e+01 ... -4.9994737e-03
  9.8784246e+00 -8.1399232e-03]
[4.0209999e+01 4.0169998e+01 4.0259998e+01 ... 1.0006905e-02 1.3149640e+01
 6.7901611e-03]
[ 3.2720001e+01  3.2680000e+01  3.2750000e+01 ...  2.9175282e-03
  1.2732915e+01 -2.3519993e-03]
[1.3360000e+01 1.3690000e+01 1.4080000e+01 ... 1.3935119e-02 2.6812613e+00
 4.9056113e-03]
[ 1.5130000e+01  1.5140000e+01  1.5200000e+01 ... -2.0202473e-03
  9.6697969e+00  1.9207336e-03]
[3.2720001e+01 5.2919998e+01 5.3040001e+01 ... 9.4347000e-03 1.2887529e+01
 2.6702881e-04]
[ 3.5540001e+01  3.5509998e+01  1.7490000e+01 ...  8.9230537e-03
  1.3558165e+01 -1.5866756e-03]
[ 1.2860000e+01  1.3110000e+01  1.3430000e+01 ... -1.1421055e-02
  4.2000279e+00  9.9349022e-04]
[ 1.4030000e+01  1.4140000e+01  1.4300000e+01 ... -3.2828525e-03
  9.2198391e+00 -4.7402084e-03]
[1.6959999e+01 1.7040001e+01 1.7170000e+01 ... 5.6104623e-03 1.2351069e+01
 6.4210109e-03]
[ 1.2750000e+01  1.2970000e+01  1.3240000e+01 ... -1.1924058e-02
  5.7028022e+00 -2.6974678e-03]
[1.1620000e+01 1.1740000e+01 1.1900000e+01 ... 6.7151636e-03 6.6166997e+00
 2.2393346e-02]
[ 1.3760000e+01  1.4100000e+01  1.4500000e+01 ... -7.3311031e-03
  2.9089398e+00  7.4889362e-03]
[3.9799999e+01 3.9759998e+01 2.3520000e+01 ... 9.1311932e-03 1.3129264e+01
 7.9813004e-03]
[ 3.2840000e+01  3.2779999e+01  5.3090000e+01 ... -7.0095062e-03
  1.2884283e+01  4.8303604e-03]
[3.5369999e+01 3.5330002e+01 5.5700001e+01 ... 1.0532856e-02 1.3020560e+01
 2.6557446e-03]
[1.4600000e+01 1.4460000e+01 1.4380000e+01 ... 1.3089731e-02 1.0471974e+01
 7.3099285e-03]
[ 1.4410000e+01  1.4560000e+01  1.4770000e+01 ... -9.8680109e-03
  1.0199829e+01 -9.0944171e-03]
[ 1.1710000e+01  3.5389999e+01  5.5730000e+01 ... -1.3158321e-03
  1.3362569e+01 -9.8967552e-03]
[ 1.6250000e+01  1.6120001e+01  1.6059999e+01 ...  3.3333898e-05
  1.1960114e+01 -6.4866096e-03]
[ 1.66599998e+01  1.67500000e+01  1.69099998e+01 ... -1.86287612e-03
  1.01744375e+01  2.28102505e-03]
[ 3.5490002e+01  3.5430000e+01  3.5490002e+01 ... -3.3259392e-03
  1.2782731e+01  6.6852570e-03]
[1.3310000e+01 1.3590000e+01 1.3930000e+01 ... 3.9512515e-03 4.1219506e+00
 1.2168527e-02]
[ 1.6870001e+01  1.7020000e+01  1.7230000e+01 ... -5.0220713e-03
  1.2676472e+01 -7.0079416e-04]
[ 1.66299992e+01  1.66399994e+01  1.67199993e+01 ... -6.08073547e-03
  1.26790695e+01 -3.72294709e-03]
[1.279000e+01 1.265000e+01 1.254000e+01 ... 8.086637e-03 7.222779e+00
 9.795040e-03]
[ 1.2410000e+01  1.2610000e+01  1.2860000e+01 ...  3.1446218e-03
  6.6454387e+00 -6.1583966e-03]
[ 3.6139999e+01  3.6110001e+01  5.6480000e+01 ...  9.5603466e-03
  1.3579702e+01 -3.5285950e-04]
[ 3.5400002e+01  3.5360001e+01  3.5439999e+01 ...  7.6344013e-03
  1.2906631e+01 -4.1375160e-03]
[ 3.7889999e+01  3.7820000e+01  3.7880001e+01 ... -8.3303452e-04
  1.3400783e+01  9.2127323e-03]
[ 1.3070000e+01  1.3370000e+01  1.3720000e+01 ...  1.1733592e-02
  3.3300712e+00 -1.4412105e-03]
[ 3.5349998e+01  3.5320000e+01  3.5410000e+01 ...  9.1593266e-03
  1.3566643e+01 -1.2083054e-03]
[ 1.2620000e+01  1.2720000e+01  1.2860000e+01 ... -5.4100603e-03
  6.1439147e+00 -1.5969202e-03]
[ 1.3200000e+01  1.3530000e+01  1.3930000e+01 ... -1.0387510e-02
  2.3180959e+00  5.1901042e-03]
[ 3.4000000e+01  3.3939999e+01  5.4259998e+01 ... -3.9825439e-03
  1.3389516e+01  6.5259933e-03]
[ 1.3390000e+01  1.3660000e+01  1.3990000e+01 ... -5.1312149e-03
  4.4378915e+00  8.3037913e-03]
[ 1.5960000e+01  1.5830000e+01  1.5760000e+01 ... -8.1399232e-03
  9.6284285e+00  1.0485947e-03]
[ 3.9970001e+01  3.9919998e+01  4.0009998e+01 ...  6.7901611e-03
  1.2899649e+01 -4.6865940e-03]
[ 3.2480000e+01  3.2430000e+01  3.2480000e+01 ... -2.3519993e-03
  1.2482903e+01 -4.4898987e-03]
[ 1.3060000e+01  1.3370000e+01  1.3750000e+01 ...  4.9056113e-03
  2.4312651e+00 -1.0332793e-02]
[1.4880000e+01 1.4880000e+01 1.4940000e+01 ... 1.9207336e-03 9.4197807e+00
 2.4723820e-03]
[ 3.2500000e+01  3.2439999e+01  5.2740002e+01 ...  2.6702881e-04
  1.2637524e+01 -8.5279942e-03]
[ 3.5320000e+01  3.5259998e+01  5.5580002e+01 ... -1.5866756e-03
  1.3308176e+01 -9.6428394e-03]
[1.2670000e+01 1.2930000e+01 1.3250000e+01 ... 9.9349022e-04 3.9500363e+00
 1.1860341e-02]
[ 1.3790000e+01  1.3910000e+01  1.4070000e+01 ... -4.7402084e-03
  8.9698400e+00  1.6267598e-04]
[1.6700001e+01 1.6760000e+01 1.6889999e+01 ... 6.4210109e-03 1.2101069e+01
 9.9660456e-04]
[ 1.2530000e+01  1.2760000e+01  1.3030000e+01 ... -2.6974678e-03
  5.4528093e+00  9.5922053e-03]
[11.38       11.5        11.67       ...  0.02239335  6.3697853
  0.05586477]
[1.3610000e+01 1.3960000e+01 1.4380000e+01 ... 7.4889362e-03 2.6589575e+00
 1.2652218e-02]
[ 3.9549999e+01  3.9500000e+01  5.9860001e+01 ...  7.9813004e-03
  1.2879267e+01 -2.3198128e-03]
[3.2560001e+01 3.2529999e+01 1.6340000e+01 ... 4.8303604e-03 1.2634291e+01
 1.0369778e-02]
[ 3.5139999e+01  3.5080002e+01  1.6450001e+01 ...  2.6557446e-03
  1.2770567e+01 -8.0392361e-03]
[1.4390000e+01 1.4240000e+01 1.4150000e+01 ... 7.3099285e-03 1.0222598e+01
 2.7339906e-03]
[ 1.415000e+01  1.430000e+01  1.450000e+01 ... -9.094417e-03  9.949841e+00
 -9.223685e-03]
[ 1.1190000e+01  3.5139999e+01  3.5189999e+01 ... -9.8967552e-03
  1.3112573e+01 -5.4779053e-03]
[ 1.60000000e+01  1.58800001e+01  1.58100004e+01 ... -6.48660958e-03
  1.17101145e+01 -8.00326467e-03]
[1.641000e+01 1.649000e+01 1.664000e+01 ... 2.281025e-03 9.924432e+00
 3.132306e-03]
[3.5209999e+01 3.5180000e+01 3.5270000e+01 ... 6.6852570e-03 1.2532722e+01
 7.7402592e-03]
[1.3110000e+01 1.3400000e+01 1.3740000e+01 ... 1.2168527e-02 3.8719635e+00
 4.7216117e-03]
[ 1.6620001e+01  1.6770000e+01  1.6980000e+01 ... -7.0079416e-04
  1.2426469e+01  1.9169450e-03]
[ 1.6379999e+01  1.6389999e+01  1.6450001e+01 ... -3.7229471e-03
  1.2429096e+01 -3.9177146e-03]
[1.2520000e+01 1.2380000e+01 1.2290000e+01 ... 9.7950399e-03 6.9728193e+00
 1.5737876e-02]
[ 1.2130000e+01  1.2320000e+01  1.2550000e+01 ... -6.1583966e-03
  6.3954477e+00 -7.3280782e-03]
[ 1.1920000e+01  3.5849998e+01  5.6180000e+01 ... -3.5285950e-04
  1.3329707e+01 -9.3591213e-03]
[ 3.5180000e+01  3.5110001e+01  3.5160000e+01 ... -4.1375160e-03
  1.2656637e+01 -1.0055542e-02]
[3.7610001e+01 3.7570000e+01 5.7950001e+01 ... 9.2127323e-03 1.3150774e+01
 7.0123672e-03]
[ 1.2760000e+01  1.3030000e+01  1.3360000e+01 ... -1.4412105e-03
  3.0800817e+00 -1.2689084e-02]
[ 3.5130001e+01  3.5070000e+01  3.5130001e+01 ... -1.2083054e-03
  1.3316654e+01 -9.5684528e-03]
[ 1.2380000e+01  1.2470000e+01  1.2610000e+01 ... -1.5969202e-03
  5.8939133e+00  2.6599616e-03]
[1.3040000e+01 1.3380000e+01 1.3790000e+01 ... 5.1901042e-03 2.0681114e+00
 1.4301002e-02]
[3.3720001e+01 5.3919998e+01 5.4060001e+01 ... 6.5259933e-03 1.3139514e+01
 8.7730885e-03]
[1.3220000e+01 1.3500000e+01 1.3840000e+01 ... 8.3037913e-03 4.1879101e+00
 1.0736734e-02]
[1.5680000e+01 1.5560000e+01 1.5500000e+01 ... 1.0485947e-03 9.3784380e+00
 1.1771485e-02]
[ 3.9750000e+01  3.9669998e+01  1.5580000e+01 ... -4.6865940e-03
  1.2649654e+01 -9.6418858e-03]
[ 3.2240002e+01  3.2180000e+01  3.2230000e+01 ... -4.4898987e-03
  1.2232890e+01 -8.2015991e-04]
[ 1.2730000e+01  1.3020000e+01  1.3370000e+01 ... -1.0332793e-02
  2.1812882e+00 -1.2391031e-02]
[1.4630000e+01 1.4630000e+01 1.4680000e+01 ... 2.4723820e-03 9.1697712e+00
 1.1784211e-04]
[ 3.2270000e+01  3.2189999e+01  5.2459999e+01 ... -8.5279942e-03
  1.2387516e+01 -6.4065456e-03]
[ 3.5099998e+01  3.5009998e+01  5.5299999e+01 ... -9.6428394e-03
  1.3058203e+01 -5.1977634e-03]
[1.2480000e+01 1.2750000e+01 1.3080000e+01 ... 1.1860341e-02 3.7000496e+00
 7.2377026e-03]
[1.3550000e+01 1.3670000e+01 1.3850000e+01 ... 1.6267598e-04 8.7199354e+00
 9.3300343e-03]
[ 1.0510000e+01  1.6500000e+01  1.6610001e+01 ...  9.9660456e-04
  1.1851072e+01 -4.8864149e-03]
[1.2340000e+01 1.2570000e+01 1.2860000e+01 ... 9.5922053e-03 5.2028236e+00
 9.1245770e-03]
[11.14       11.27       11.44       ...  0.05586477  6.1289515
  0.08135767]
[1.3400000e+01 1.3750000e+01 1.4170000e+01 ... 1.2652218e-02 2.4089665e+00
 1.8532574e-03]
[ 3.9340000e+01  3.9250000e+01  5.9560001e+01 ... -2.3198128e-03
  1.2629270e+01 -9.3734264e-03]
[3.2299999e+01 3.2279999e+01 5.2680000e+01 ... 1.0369778e-02 1.2384307e+01
 3.4193993e-03]
[ 3.4919998e+01  3.4840000e+01  5.5119999e+01 ... -8.0392361e-03
  1.2520567e+01 -8.2886219e-03]
[1.4180000e+01 1.4020000e+01 1.3920000e+01 ... 2.7339906e-03 9.9737692e+00
 1.5195042e-02]
[ 1.389000e+01  1.403000e+01  1.422000e+01 ... -9.223685e-03  9.699853e+00
 -9.739235e-03]
[ 3.4959999e+01  3.4889999e+01  3.4939999e+01 ... -5.4779053e-03
  1.2862579e+01  5.5341721e-03]
[ 1.5720000e+01  1.5610000e+01  1.5560000e+01 ... -8.0032647e-03
  1.1460123e+01 -3.5935938e-03]
[1.615000e+01 1.622000e+01 1.635000e+01 ... 3.132306e-03 9.674440e+00
 7.459745e-04]
[ 3.4959999e+01  3.4939999e+01  3.5029999e+01 ...  7.7402592e-03
  1.2282728e+01 -8.7761879e-04]
[ 1.2830000e+01  1.3100000e+01  1.3430000e+01 ...  4.7216117e-03
  3.6219664e+00 -8.5453093e-03]
[1.6360001e+01 1.6490000e+01 1.6690001e+01 ... 1.9169450e-03 1.2176460e+01
 1.1517555e-03]
[ 1.6129999e+01  1.6129999e+01  1.6190001e+01 ... -3.9177146e-03
  1.2179085e+01 -5.9186481e-03]
[12.25       12.12       12.03       ...  0.01573788  6.7229276
  0.02515207]
[ 1.1870000e+01  1.2050000e+01  1.2280000e+01 ... -7.3280782e-03
  6.1454511e+00  7.6808035e-04]
[ 1.1480000e+01  3.5610001e+01  3.5639999e+01 ... -9.3591213e-03
  1.3079727e+01 -6.0367584e-03]
[ 3.4959999e+01  3.4869999e+01  3.4889999e+01 ... -1.0055542e-02
  1.2406646e+01 -2.9716492e-03]
[ 3.7360001e+01  3.7320000e+01  5.7700001e+01 ...  7.0123672e-03
  1.2900775e+01 -3.7624836e-03]
[ 1.2450000e+01  1.2700000e+01  1.3010000e+01 ... -1.2689084e-02
  2.8300977e+00 -7.5587034e-03]
[ 3.4910000e+01  3.4820000e+01  3.4860001e+01 ... -9.5684528e-03
  1.3066678e+01 -5.4192543e-03]
[1.2120000e+01 1.2210000e+01 1.2340000e+01 ... 2.6599616e-03 5.6439190e+00
 6.3722804e-03]
[1.2850000e+01 1.3200000e+01 1.3620000e+01 ... 1.4301002e-02 1.8181295e+00
 5.2689314e-03]
[3.347000e+01 5.367000e+01 5.380000e+01 ... 8.773088e-03 1.288952e+01
 7.958412e-04]
[ 1.2990000e+01  1.3270000e+01  1.3610000e+01 ...  1.0736734e-02
  3.9379148e+00 -3.3888221e-04]
[1.5400000e+01 1.5300000e+01 1.5250000e+01 ... 1.1771485e-02 9.1284685e+00
 1.1761010e-02]
[ 3.9529999e+01  3.9419998e+01  3.9450001e+01 ... -9.6418858e-03
  1.2399663e+01 -2.2048950e-03]
[ 3.1980000e+01  3.1930000e+01  3.1980000e+01 ... -8.2015991e-04
  1.1982891e+01  4.2803288e-03]
[ 1.2460000e+01  1.2740000e+01  1.3080000e+01 ... -1.2391031e-02
  1.9312977e+00  1.0699630e-03]
[ 1.4390000e+01  1.4380000e+01  1.4420000e+01 ...  1.1784211e-04
  8.9197826e+00 -2.3578368e-03]
[ 3.2009998e+01  3.1940001e+01  5.2230000e+01 ... -6.4065456e-03
  1.2137525e+01  3.7951469e-03]
[ 3.4840000e+01  3.4759998e+01  5.5060001e+01 ... -5.1977634e-03
  1.2808207e+01  5.4128170e-03]
[ 1.2220000e+01  1.2480000e+01  1.2800000e+01 ...  7.2377026e-03
  3.4500513e+00 -6.4045489e-03]
[1.3310000e+01 1.3430000e+01 1.3590000e+01 ... 9.3300343e-03 8.4705458e+00
 1.2020528e-02]
[ 1.6200001e+01  1.6250000e+01  1.6360001e+01 ... -4.8864149e-03
  1.1601084e+01 -5.6447499e-03]
[ 1.2100000e+01  1.2330000e+01  1.2610000e+01 ...  9.1245770e-03
  4.9528289e+00 -2.7418733e-03]
[10.9        11.02       11.19       ...  0.08135767  5.8993626
  0.04426983]
[ 1.3090000e+01  1.3420000e+01  1.3820000e+01 ...  1.8532574e-03
  2.1589713e+00 -1.1540204e-02]
[ 3.9110001e+01  3.9009998e+01  5.9290001e+01 ... -9.3734264e-03
  1.2379268e+01 -4.9095154e-03]
[ 3.2060001e+01  3.2029999e+01  5.2400002e+01 ...  3.4193993e-03
  1.2134346e+01 -5.4247379e-03]
[ 3.4680000e+01  3.4590000e+01  5.4869999e+01 ... -8.2886219e-03
  1.2270568e+01  1.4243126e-03]
[13.93       13.78       13.67       ...  0.01519504  9.725744
  0.03819406]
[ 1.363000e+01  1.377000e+01  1.396000e+01 ... -9.739235e-03  9.449870e+00
 -9.857729e-03]
[3.4680000e+01 3.4639999e+01 5.5000000e+01 ... 5.5341721e-03 1.2612598e+01
 9.0153217e-03]
[ 1.5450000e+01  1.5350000e+01  1.5310000e+01 ... -3.5935938e-03
  1.1210123e+01  2.2482425e-03]
[ 1.5890000e+01  1.5960000e+01  1.6080000e+01 ...  7.4597448e-04
  9.4244413e+00 -2.2719242e-03]
[ 3.4720001e+01  3.4680000e+01  3.4759998e+01 ... -8.7761879e-04
  1.2032726e+01 -8.0718994e-03]
[ 1.2520000e+01  1.2770000e+01  1.3070000e+01 ... -8.5453093e-03
  3.3719802e+00 -1.0648280e-02]
[ 1.6090000e+01  1.6219999e+01  1.6410000e+01 ...  1.1517555e-03
  1.1926464e+01 -1.6499534e-03]
[ 1.5880000e+01  1.5880000e+01  1.5940000e+01 ... -5.9186481e-03
  1.1929087e+01 -7.7675525e-03]
[11.99       11.86       11.78       ...  0.02515207  6.4731593
  0.03650725]
[1.1650000e+01 1.1830000e+01 1.2050000e+01 ... 7.6808035e-04 5.8954539e+00
 7.7623427e-03]
[ 3.5439999e+01  3.5360001e+01  3.5400002e+01 ... -6.0367584e-03
  1.2829728e+01  4.6041012e-03]
